10000
-99949 -1
-99914 -1
-99877 -1
-99801 -1
-99798 1
-99792 1
-99791 1
-99784 1
-99778 1
-99766 1
-99755 -1
-99735 1
-99699 1
-99686 1
-99658 -1
-99651 1
-99625 -1
-99613 1
-99593 1
-99590 1
-99552 -1
-99522 -1
-99502 1
-99501 -1
-99498 1
-99475 -1
-99467 -1
-99459 -1
-99456 -1
-99449 -1
-99424 1
-99389 1
-99369 1
-99358 -1
-99351 1
-99272 1
-99271 1
-99269 1
-99261 1
-99245 -1
-99238 1
-99207 -1
-99150 1
-99119 1
-99103 -1
-99093 1
-99056 -1
-99052 1
-99039 1
-98990 -1
-98980 1
-98968 -1
-98966 -1
-98957 -1
-98954 -1
-98928 1
-98913 -1
-98904 1
-98901 1
-98879 -1
-98844 -1
-98821 1
-98816 1
-98797 1
-98687 1
-98672 -1
-98664 -1
-98592 1
-98561 -1
-98552 1
-98538 -1
-98520 1
-98516 -1
-98504 1
-98469 -1
-98446 1
-98437 1
-98419 1
-98411 1
-98408 1
-98383 -1
-98290 1
-98282 1
-98263 1
-98229 1
-98215 1
-98182 -1
-98166 1
-98097 1
-98096 -1
-98074 1
-98065 -1
-98060 -1
-98055 1
-98038 -1
-98035 -1
-98030 1
-98028 1
-98008 -1
-98006 -1
-98002 1
-97996 -1
-97939 1
-97919 -1
-97883 -1
-97871 -1
-97862 1
-97799 -1
-97785 -1
-97764 1
-97711 1
-97698 1
-97675 1
-97649 1
-97619 -1
-97608 -1
-97537 -1
-97535 -1
-97525 1
-97485 -1
-97471 -1
-97457 1
-97454 -1
-97416 -1
-97409 -1
-97386 1
-97381 1
-97369 -1
-97367 1
-97330 -1
-97322 1
-97245 -1
-97229 -1
-97179 -1
-97171 -1
-97167 -1
-97108 -1
-97100 -1
-97099 -1
-97098 -1
-97071 1
-97032 -1
-97027 1
-97027 -1
-96963 -1
-96955 1
-96922 1
-96894 -1
-96894 -1
-96892 -1
-96884 -1
-96881 1
-96867 -1
-96863 -1
-96831 -1
-96810 -1
-96801 1
-96789 -1
-96777 -1
-96763 -1
-96749 -1
-96730 -1
-96727 1
-96672 -1
-96644 1
-96620 1
-96606 -1
-96605 -1
-96596 1
-96587 1
-96570 -1
-96524 1
-96488 -1
-96429 1
-96361 1
-96348 1
-96341 -1
-96277 -1
-96252 1
-96241 1
-96225 -1
-96225 -1
-96205 1
-96197 -1
-96194 1
-96166 -1
-96148 1
-96142 1
-96077 -1
-96076 1
-96013 -1
-95998 1
-95998 -1
-95988 1
-95948 -1
-95926 1
-95921 -1
-95916 1
-95867 1
-95836 -1
-95812 1
-95800 1
-95783 1
-95768 -1
-95737 -1
-95714 -1
-95673 -1
-95639 -1
-95617 1
-95591 1
-95551 1
-95544 1
-95526 -1
-95525 -1
-95487 -1
-95479 1
-95471 1
-95453 -1
-95413 1
-95409 1
-95408 1
-95407 -1
-95348 -1
-95334 1
-95299 -1
-95282 -1
-95263 1
-95154 -1
-95128 -1
-95113 1
-95084 -1
-95075 -1
-95073 1
-95063 -1
-95048 -1
-95038 -1
-95035 1
-95025 1
-95013 -1
-94983 1
-94975 1
-94972 1
-94916 1
-94888 -1
-94869 1
-94790 -1
-94761 -1
-94750 -1
-94749 1
-94747 -1
-94738 -1
-94733 -1
-94663 1
-94661 -1
-94633 -1
-94630 1
-94606 -1
-94574 -1
-94551 -1
-94547 -1
-94526 1
-94411 -1
-94403 -1
-94379 -1
-94379 1
-94344 1
-94341 -1
-94329 1
-94285 -1
-94273 -1
-94238 1
-94231 -1
-94202 -1
-94177 1
-94174 -1
-94153 1
-94125 1
-94119 1
-94092 -1
-94084 -1
-94082 -1
-94067 1
-94007 -1
-93988 1
-93943 1
-93915 -1
-93896 1
-93884 1
-93873 1
-93818 1
-93799 -1
-93778 -1
-93745 -1
-93732 -1
-93725 1
-93684 -1
-93678 -1
-93650 -1
-93623 1
-93616 1
-93589 -1
-93547 -1
-93522 1
-93475 -1
-93396 -1
-93386 1
-93378 1
-93359 1
-93347 1
-93346 -1
-93326 -1
-93303 1
-93302 -1
-93292 -1
-93252 1
-93234 -1
-93199 1
-93182 -1
-93175 1
-93160 -1
-93100 -1
-93085 -1
-93049 -1
-93028 -1
-93025 1
-93004 1
-92987 1
-92985 1
-92941 -1
-92929 1
-92866 -1
-92858 1
-92856 -1
-92852 -1
-92826 1
-92807 1
-92789 1
-92783 1
-92764 1
-92723 -1
-92705 1
-92702 1
-92683 1
-92667 -1
-92638 1
-92615 1
-92611 -1
-92579 -1
-92552 -1
-92550 1
-92527 1
-92503 -1
-92489 -1
-92487 -1
-92483 -1
-92445 -1
-92399 1
-92392 1
-92387 1
-92380 -1
-92378 1
-92370 1
-92353 1
-92341 1
-92329 -1
-92286 1
-92280 -1
-92269 1
-92258 1
-92257 1
-92243 1
-92212 -1
-92192 1
-92188 1
-92137 1
-92075 1
-92067 -1
-92059 -1
-92053 -1
-92052 1
-92044 -1
-92033 -1
-92023 -1
-91947 1
-91938 -1
-91905 -1
-91896 1
-91893 1
-91892 1
-91876 1
-91839 1
-91818 1
-91765 1
-91752 1
-91722 -1
-91720 -1
-91719 -1
-91676 1
-91651 -1
-91620 -1
-91585 1
-91578 1
-91567 -1
-91538 -1
-91525 -1
-91518 -1
-91498 -1
-91486 -1
-91470 1
-91466 1
-91452 1
-91445 -1
-91431 1
-91382 1
-91345 -1
-91327 -1
-91316 1
-91315 -1
-91315 1
-91290 -1
-91280 -1
-91239 -1
-91227 -1
-91186 -1
-91184 1
-91171 1
-91158 -1
-91127 -1
-91123 -1
-91120 1
-91099 1
-91075 -1
-91002 1
-90995 1
-90994 1
-90991 1
-90935 -1
-90929 -1
-90896 -1
-90893 -1
-90879 -1
-90860 -1
-90857 -1
-90856 -1
-90839 -1
-90832 1
-90831 1
-90758 1
-90747 -1
-90726 1
-90711 1
-90710 1
-90698 -1
-90650 1
-90633 1
-90628 -1
-90602 1
-90542 1
-90534 -1
-90534 -1
-90504 1
-90493 1
-90473 -1
-90452 1
-90451 -1
-90412 -1
-90403 1
-90400 1
-90399 1
-90392 -1
-90360 1
-90359 -1
-90333 -1
-90323 -1
-90297 1
-90296 1
-90263 -1
-90247 -1
-90245 -1
-90239 1
-90205 1
-90200 -1
-90165 -1
-90133 -1
-90092 -1
-90083 1
-90083 1
-89987 -1
-89968 -1
-89921 1
-89889 -1
-89763 -1
-89761 1
-89747 1
-89744 -1
-89743 1
-89731 1
-89706 1
-89699 -1
-89661 -1
-89637 1
-89595 -1
-89583 -1
-89519 -1
-89512 -1
-89475 -1
-89468 -1
-89460 1
-89386 1
-89373 -1
-89368 1
-89366 -1
-89356 -1
-89346 -1
-89310 1
-89279 -1
-89258 1
-89257 -1
-89217 1
-89137 1
-89118 -1
-89107 1
-89075 -1
-89058 -1
-89041 -1
-89040 -1
-89037 1
-89034 1
-89033 1
-88961 1
-88926 -1
-88889 1
-88888 -1
-88883 -1
-88806 1
-88802 -1
-88802 -1
-88795 1
-88794 1
-88739 1
-88734 -1
-88732 -1
-88727 1
-88718 -1
-88715 1
-88677 1
-88673 -1
-88671 1
-88639 1
-88634 1
-88621 -1
-88620 1
-88616 -1
-88609 -1
-88601 -1
-88598 -1
-88596 -1
-88583 -1
-88552 -1
-88548 -1
-88536 1
-88507 1
-88497 1
-88494 -1
-88493 -1
-88465 1
-88460 1
-88438 1
-88414 -1
-88407 -1
-88403 1
-88348 -1
-88343 -1
-88341 -1
-88282 1
-88218 1
-88215 1
-88211 -1
-88149 1
-88149 1
-88120 -1
-88116 -1
-88114 -1
-88110 -1
-88065 1
-88055 1
-88050 -1
-88043 -1
-88041 -1
-87990 1
-87966 1
-87958 -1
-87958 -1
-87949 1
-87922 -1
-87898 1
-87860 1
-87852 1
-87847 -1
-87836 -1
-87786 1
-87777 -1
-87762 -1
-87687 -1
-87663 -1
-87660 -1
-87634 1
-87622 -1
-87613 -1
-87598 -1
-87586 -1
-87537 -1
-87526 -1
-87525 -1
-87517 1
-87516 -1
-87466 1
-87421 -1
-87419 1
-87417 1
-87413 -1
-87410 -1
-87392 1
-87385 -1
-87380 1
-87370 1
-87369 1
-87298 1
-87258 -1
-87228 1
-87223 -1
-87211 1
-87183 1
-87138 -1
-87119 -1
-87105 -1
-87103 1
-87098 1
-87067 -1
-87066 -1
-87015 1
-87006 -1
-87005 -1
-86945 -1
-86937 1
-86935 1
-86912 -1
-86883 -1
-86818 1
-86796 -1
-86780 -1
-86777 1
-86766 -1
-86762 1
-86714 -1
-86691 -1
-86680 -1
-86661 1
-86642 1
-86637 -1
-86632 -1
-86564 -1
-86559 1
-86549 1
-86543 -1
-86528 -1
-86509 1
-86498 -1
-86482 1
-86481 -1
-86454 -1
-86341 -1
-86336 1
-86335 -1
-86312 1
-86306 -1
-86292 1
-86181 -1
-86177 1
-86175 -1
-86167 -1
-86155 -1
-86129 -1
-86097 1
-86079 1
-86064 1
-86056 1
-86031 -1
-86002 -1
-86001 -1
-85980 -1
-85973 1
-85874 -1
-85864 1
-85858 -1
-85847 -1
-85833 -1
-85823 -1
-85815 1
-85807 1
-85782 1
-85744 -1
-85734 -1
-85732 1
-85707 -1
-85679 1
-85667 -1
-85594 -1
-85570 -1
-85566 1
-85533 -1
-85530 1
-85516 -1
-85507 1
-85487 -1
-85469 -1
-85468 1
-85386 -1
-85350 -1
-85339 1
-85338 -1
-85336 -1
-85326 -1
-85320 1
-85319 1
-85312 1
-85296 -1
-85269 -1
-85263 1
-85254 -1
-85231 1
-85217 1
-85182 1
-85165 1
-85121 -1
-85085 -1
-85080 -1
-85046 -1
-85045 1
-84964 1
-84961 1
-84949 -1
-84940 -1
-84909 1
-84864 1
-84848 -1
-84829 -1
-84811 -1
-84740 1
-84725 1
-84700 1
-84665 1
-84650 1
-84641 1
-84630 1
-84627 -1
-84602 -1
-84592 -1
-84581 -1
-84580 1
-84509 1
-84486 -1
-84485 1
-84455 -1
-84401 -1
-84400 -1
-84390 1
-84331 1
-84327 -1
-84316 -1
-84249 -1
-84244 -1
-84209 -1
-84177 1
-84173 1
-84167 1
-84155 -1
-84097 -1
-84048 -1
-84045 -1
-84010 1
-83998 1
-83996 1
-83870 1
-83860 -1
-83855 -1
-83854 -1
-83792 1
-83791 -1
-83785 1
-83662 -1
-83647 -1
-83645 1
-83639 -1
-83624 1
-83620 -1
-83617 -1
-83571 1
-83564 -1
-83560 -1
-83538 -1
-83519 -1
-83456 1
-83455 1
-83429 -1
-83420 -1
-83419 1
-83411 -1
-83409 -1
-83386 -1
-83331 -1
-83320 -1
-83317 -1
-83310 1
-83274 1
-83270 -1
-83252 -1
-83237 1
-83219 -1
-83161 -1
-83134 -1
-83122 -1
-83104 1
-83099 1
-83090 -1
-83075 -1
-83065 -1
-83056 1
-82983 1
-82978 -1
-82946 1
-82937 -1
-82903 -1
-82900 -1
-82896 -1
-82894 1
-82893 1
-82885 1
-82835 -1
-82809 1
-82760 1
-82744 -1
-82726 1
-82723 -1
-82708 1
-82692 -1
-82674 -1
-82654 1
-82607 -1
-82595 -1
-82587 -1
-82584 1
-82560 1
-82558 1
-82544 1
-82503 -1
-82503 1
-82417 1
-82416 -1
-82409 -1
-82392 -1
-82388 -1
-82367 -1
-82348 1
-82288 1
-82286 1
-82245 1
-82200 -1
-82181 1
-82167 -1
-82153 1
-82128 -1
-82069 -1
-81976 1
-81957 1
-81955 1
-81954 1
-81951 1
-81948 -1
-81940 1
-81910 -1
-81900 -1
-81843 -1
-81836 1
-81799 1
-81753 1
-81752 1
-81707 1
-81693 1
-81648 1
-81630 -1
-81559 1
-81539 1
-81531 -1
-81454 -1
-81412 -1
-81380 -1
-81338 -1
-81335 1
-81323 -1
-81290 -1
-81290 1
-81257 1
-81216 1
-81184 -1
-81184 1
-81162 1
-81154 1
-81135 1
-81048 -1
-80986 1
-80958 1
-80935 -1
-80934 -1
-80900 -1
-80897 -1
-80877 1
-80874 1
-80870 -1
-80837 -1
-80795 1
-80788 -1
-80783 -1
-80780 -1
-80779 1
-80746 -1
-80741 -1
-80728 1
-80684 -1
-80670 1
-80663 -1
-80641 -1
-80640 -1
-80636 1
-80623 1
-80590 1
-80580 -1
-80561 1
-80516 -1
-80493 1
-80491 -1
-80455 1
-80423 1
-80423 1
-80416 1
-80394 1
-80318 1
-80310 -1
-80303 1
-80303 -1
-80288 1
-80273 -1
-80267 -1
-80243 -1
-80168 1
-80113 -1
-80067 1
-80049 1
-80015 -1
-79975 1
-79933 1
-79906 1
-79837 -1
-79830 -1
-79808 -1
-79727 1
-79715 1
-79710 -1
-79694 1
-79686 1
-79663 -1
-79658 -1
-79644 1
-79642 -1
-79565 -1
-79537 1
-79497 1
-79496 -1
-79476 1
-79443 -1
-79428 1
-79418 -1
-79392 -1
-79208 -1
-79197 -1
-79196 1
-79141 1
-79138 1
-79131 -1
-79114 1
-79095 -1
-79047 -1
-79041 1
-78982 1
-78970 1
-78960 1
-78942 -1
-78928 -1
-78927 1
-78895 -1
-78887 -1
-78853 1
-78844 -1
-78833 -1
-78820 -1
-78816 -1
-78750 1
-78722 1
-78714 -1
-78683 1
-78663 1
-78618 -1
-78608 -1
-78604 1
-78600 -1
-78577 1
-78567 1
-78564 1
-78559 -1
-78541 1
-78513 -1
-78500 1
-78472 -1
-78391 1
-78341 -1
-78333 1
-78308 1
-78286 -1
-78283 1
-78282 -1
-78181 -1
-78172 1
-78155 -1
-78087 1
-78086 1
-78085 1
-78061 -1
-78053 1
-78027 -1
-78018 -1
-77998 1
-77961 1
-77959 1
-77952 -1
-77920 1
-77885 1
-77873 1
-77869 -1
-77856 1
-77844 1
-77843 -1
-77830 -1
-77805 1
-77800 1
-77778 1
-77724 -1
-77713 1
-77713 -1
-77679 1
-77668 1
-77660 -1
-77634 1
-77607 -1
-77575 -1
-77569 -1
-77542 1
-77535 -1
-77527 -1
-77525 1
-77513 1
-77487 -1
-77461 -1
-77450 1
-77447 1
-77427 1
-77423 -1
-77396 1
-77395 -1
-77379 1
-77370 -1
-77352 1
-77333 1
-77325 1
-77297 -1
-77263 1
-77260 -1
-77255 -1
-77214 -1
-77197 1
-77186 1
-77149 1
-77129 1
-77112 -1
-77110 1
-77087 1
-77080 1
-77034 1
-77030 -1
-77016 1
-76996 1
-76940 -1
-76886 1
-76857 1
-76836 1
-76830 1
-76818 -1
-76812 -1
-76761 -1
-76752 1
-76687 1
-76684 1
-76671 1
-76653 -1
-76600 1
-76568 -1
-76563 1
-76561 -1
-76559 -1
-76538 1
-76527 -1
-76508 1
-76502 -1
-76473 -1
-76471 1
-76471 1
-76459 1
-76451 1
-76446 1
-76406 -1
-76387 1
-76378 -1
-76372 -1
-76336 -1
-76299 -1
-76283 1
-76225 -1
-76220 -1
-76218 -1
-76189 -1
-76172 1
-76157 1
-76115 1
-76051 1
-76020 1
-76015 -1
-76014 -1
-75997 -1
-75976 1
-75972 -1
-75938 -1
-75930 -1
-75927 1
-75837 1
-75820 -1
-75802 1
-75797 1
-75794 -1
-75785 -1
-75781 1
-75764 1
-75758 1
-75755 -1
-75679 -1
-75674 1
-75666 1
-75631 -1
-75621 1
-75566 -1
-75556 1
-75542 1
-75533 -1
-75502 1
-75470 -1
-75399 -1
-75393 1
-75390 -1
-75357 1
-75352 1
-75307 -1
-75299 1
-75253 1
-75242 1
-75163 1
-75084 -1
-75083 1
-75050 -1
-75041 1
-74999 1
-74991 -1
-74979 -1
-74975 1
-74964 -1
-74956 1
-74951 1
-74948 1
-74936 -1
-74911 1
-74875 -1
-74871 -1
-74861 1
-74843 1
-74805 1
-74789 1
-74779 1
-74769 -1
-74749 -1
-74711 1
-74666 1
-74659 1
-74643 -1
-74640 1
-74623 1
-74623 1
-74602 1
-74557 -1
-74555 1
-74539 -1
-74534 1
-74474 1
-74460 1
-74458 1
-74420 1
-74409 -1
-74403 -1
-74394 1
-74377 1
-74339 -1
-74280 1
-74259 1
-74247 1
-74155 -1
-74137 -1
-74118 -1
-74091 1
-74064 1
-74063 1
-74031 1
-74018 1
-74011 1
-74009 -1
-74002 -1
-73996 -1
-73995 -1
-73981 -1
-73974 1
-73966 -1
-73957 1
-73921 -1
-73916 -1
-73898 -1
-73891 1
-73888 1
-73885 1
-73874 -1
-73840 1
-73840 1
-73817 1
-73806 -1
-73799 -1
-73788 1
-73781 -1
-73778 -1
-73767 -1
-73735 -1
-73689 1
-73681 1
-73657 -1
-73629 -1
-73620 -1
-73578 -1
-73574 1
-73549 1
-73547 -1
-73528 1
-73518 1
-73513 1
-73495 -1
-73495 1
-73486 -1
-73479 -1
-73426 1
-73411 1
-73352 1
-73341 1
-73327 -1
-73296 1
-73285 -1
-73283 -1
-73282 -1
-73262 -1
-73250 1
-73243 -1
-73242 -1
-73230 1
-73208 -1
-73205 1
-73204 -1
-73196 1
-73181 -1
-73150 1
-73138 1
-73131 -1
-73121 -1
-73114 -1
-73109 -1
-73104 -1
-73015 1
-72999 -1
-72957 1
-72895 1
-72886 -1
-72873 1
-72870 1
-72866 1
-72866 1
-72851 -1
-72835 1
-72810 -1
-72804 -1
-72754 -1
-72740 -1
-72707 1
-72693 1
-72688 1
-72677 -1
-72663 1
-72638 -1
-72618 1
-72593 1
-72582 1
-72573 -1
-72551 1
-72550 -1
-72534 -1
-72496 -1
-72489 -1
-72459 -1
-72458 1
-72423 1
-72417 -1
-72414 1
-72414 -1
-72401 -1
-72386 -1
-72347 1
-72325 1
-72295 -1
-72284 -1
-72251 -1
-72251 -1
-72236 1
-72234 1
-72229 -1
-72228 -1
-72197 1
-72178 1
-72177 1
-72136 -1
-72109 1
-72104 -1
-72102 -1
-72067 1
-72063 1
-72032 1
-72004 -1
-71950 1
-71903 1
-71870 1
-71828 1
-71796 1
-71680 -1
-71679 -1
-71677 -1
-71664 1
-71648 -1
-71617 -1
-71601 1
-71569 -1
-71549 -1
-71506 1
-71489 -1
-71465 -1
-71431 -1
-71405 1
-71401 -1
-71389 1
-71382 -1
-71319 -1
-71294 -1
-71292 1
-71278 1
-71218 -1
-71208 1
-71201 -1
-71200 -1
-71188 -1
-71171 1
-71165 -1
-71140 1
-71135 1
-71126 1
-71110 -1
-71109 1
-71068 -1
-71048 1
-71028 1
-71000 1
-70996 -1
-70945 1
-70900 1
-70880 -1
-70877 -1
-70850 -1
-70782 1
-70757 -1
-70744 -1
-70719 1
-70719 -1
-70715 -1
-70708 -1
-70682 1
-70663 -1
-70630 1
-70611 1
-70591 -1
-70561 1
-70545 -1
-70532 1
-70505 -1
-70450 -1
-70434 -1
-70422 1
-70421 -1
-70355 1
-70347 -1
-70341 1
-70315 -1
-70292 -1
-70255 -1
-70254 -1
-70229 1
-70187 -1
-70092 -1
-70068 -1
-70021 -1
-69976 -1
-69932 1
-69916 1
-69915 -1
-69904 -1
-69851 -1
-69851 1
-69821 1
-69788 1
-69714 1
-69687 -1
-69672 -1
-69657 1
-69640 -1
-69623 1
-69589 -1
-69499 1
-69489 1
-69468 -1
-69464 1
-69438 -1
-69410 -1
-69410 1
-69371 -1
-69354 -1
-69334 -1
-69305 -1
-69298 -1
-69298 -1
-69291 1
-69232 -1
-69117 -1
-69108 -1
-69100 -1
-69079 -1
-69072 1
-68981 1
-68937 -1
-68906 -1
-68905 -1
-68878 1
-68872 1
-68842 1
-68834 -1
-68781 1
-68780 -1
-68773 -1
-68758 -1
-68758 1
-68727 -1
-68708 -1
-68676 -1
-68663 1
-68659 1
-68658 1
-68634 -1
-68603 1
-68594 -1
-68562 -1
-68542 -1
-68507 -1
-68504 1
-68494 -1
-68472 -1
-68463 1
-68445 1
-68444 -1
-68433 1
-68387 1
-68380 -1
-68367 1
-68356 1
-68334 -1
-68326 -1
-68282 1
-68249 -1
-68248 1
-68236 1
-68225 -1
-68213 1
-68186 -1
-68166 -1
-68158 -1
-68116 -1
-68106 1
-68101 -1
-68096 1
-68086 1
-68083 -1
-68058 -1
-68034 1
-67990 1
-67988 1
-67976 -1
-67950 1
-67930 1
-67912 -1
-67899 -1
-67894 1
-67888 1
-67886 1
-67829 -1
-67813 1
-67798 -1
-67784 1
-67698 1
-67698 -1
-67646 -1
-67625 1
-67574 1
-67565 1
-67554 -1
-67479 1
-67468 -1
-67434 -1
-67399 1
-67387 1
-67359 -1
-67329 -1
-67324 1
-67306 1
-67273 -1
-67264 -1
-67245 1
-67216 -1
-67216 1
-67208 -1
-67058 1
-67035 -1
-67006 -1
-66996 -1
-66989 -1
-66976 1
-66975 -1
-66936 -1
-66904 1
-66835 1
-66828 1
-66822 1
-66816 -1
-66793 -1
-66764 1
-66761 -1
-66758 1
-66756 -1
-66727 1
-66705 -1
-66702 1
-66693 1
-66659 -1
-66619 1
-66617 1
-66602 1
-66598 1
-66582 1
-66580 1
-66567 1
-66538 1
-66489 1
-66484 -1
-66457 1
-66450 -1
-66443 -1
-66443 -1
-66344 -1
-66329 -1
-66318 1
-66257 1
-66241 -1
-66178 -1
-66175 1
-66159 1
-66152 -1
-66119 -1
-66108 1
-66102 -1
-66063 -1
-66063 -1
-66057 1
-66056 1
-65906 -1
-65903 1
-65903 1
-65901 1
-65899 -1
-65888 -1
-65856 1
-65849 1
-65844 -1
-65838 -1
-65826 1
-65811 1
-65755 -1
-65747 -1
-65724 1
-65662 1
-65652 -1
-65646 1
-65604 1
-65557 -1
-65540 -1
-65501 -1
-65483 -1
-65471 -1
-65454 1
-65436 1
-65426 -1
-65398 1
-65374 1
-65370 -1
-65318 1
-65317 1
-65292 1
-65263 1
-65258 1
-65249 1
-65242 -1
-65228 -1
-65187 1
-65162 -1
-65161 -1
-65161 1
-65160 1
-65124 1
-65115 1
-65101 -1
-65083 1
-65074 -1
-65053 -1
-65011 -1
-64927 1
-64895 -1
-64868 1
-64863 -1
-64862 -1
-64855 -1
-64828 1
-64771 -1
-64768 1
-64758 -1
-64696 1
-64686 1
-64669 1
-64658 1
-64652 1
-64646 1
-64638 -1
-64632 -1
-64616 1
-64598 1
-64570 1
-64539 -1
-64538 1
-64502 -1
-64488 1
-64473 1
-64420 -1
-64405 1
-64384 1
-64361 -1
-64334 1
-64316 1
-64314 -1
-64273 1
-64263 -1
-64195 -1
-64181 -1
-64179 -1
-64170 1
-64130 -1
-64119 1
-64098 -1
-64076 -1
-64045 1
-64039 1
-63980 -1
-63962 1
-63930 1
-63927 -1
-63906 -1
-63848 -1
-63831 -1
-63828 1
-63808 -1
-63802 -1
-63797 -1
-63761 -1
-63753 1
-63748 1
-63733 -1
-63710 1
-63679 1
-63635 1
-63600 -1
-63588 1
-63547 1
-63541 -1
-63535 -1
-63506 -1
-63502 1
-63497 1
-63490 1
-63488 -1
-63473 -1
-63456 1
-63454 1
-63439 -1
-63438 1
-63430 1
-63401 -1
-63399 1
-63394 1
-63381 1
-63376 -1
-63376 -1
-63369 1
-63338 -1
-63336 1
-63304 -1
-63286 -1
-63258 1
-63257 -1
-63139 -1
-63139 -1
-63125 -1
-63084 -1
-63043 -1
-63032 -1
-62978 -1
-62963 -1
-62929 -1
-62919 -1
-62871 1
-62839 -1
-62812 1
-62742 -1
-62735 -1
-62723 -1
-62709 -1
-62701 -1
-62634 -1
-62599 -1
-62583 -1
-62555 -1
-62547 1
-62535 1
-62533 1
-62489 -1
-62484 -1
-62477 1
-62454 1
-62373 -1
-62329 1
-62319 -1
-62315 -1
-62244 1
-62235 1
-62232 1
-62184 1
-62173 -1
-62167 1
-62163 -1
-62135 1
-62097 1
-62046 1
-61970 -1
-61957 1
-61929 -1
-61924 1
-61881 -1
-61840 -1
-61814 1
-61805 -1
-61791 1
-61774 -1
-61727 -1
-61722 -1
-61691 -1
-61647 -1
-61633 1
-61625 -1
-61594 1
-61572 -1
-61567 -1
-61551 -1
-61543 1
-61541 -1
-61523 1
-61515 -1
-61510 1
-61482 -1
-61480 1
-61465 1
-61441 1
-61429 -1
-61427 1
-61419 1
-61370 1
-61352 1
-61352 1
-61347 -1
-61270 -1
-61250 1
-61235 -1
-61231 1
-61225 1
-61222 1
-61198 1
-61187 -1
-61133 1
-61105 -1
-61060 1
-61056 -1
-61054 1
-61019 1
-60997 1
-60992 -1
-60978 1
-60971 -1
-60964 1
-60954 -1
-60943 -1
-60937 1
-60893 1
-60875 -1
-60853 -1
-60850 1
-60797 -1
-60783 1
-60756 1
-60730 -1
-60676 -1
-60651 1
-60649 -1
-60602 1
-60594 -1
-60538 -1
-60502 -1
-60495 -1
-60473 -1
-60453 -1
-60430 1
-60407 1
-60401 1
-60396 1
-60392 1
-60334 1
-60324 -1
-60314 -1
-60307 -1
-60302 1
-60284 -1
-60268 1
-60265 -1
-60218 1
-60218 1
-60211 1
-60205 1
-60193 1
-60147 1
-60122 1
-60121 1
-60100 1
-60076 -1
-60011 1
-60008 -1
-60006 1
-59990 1
-59988 1
-59982 1
-59969 -1
-59968 1
-59940 1
-59924 -1
-59921 -1
-59901 1
-59899 1
-59889 1
-59872 -1
-59871 -1
-59851 -1
-59804 1
-59742 1
-59716 -1
-59669 1
-59603 -1
-59597 1
-59596 -1
-59594 -1
-59594 -1
-59579 1
-59542 -1
-59538 -1
-59538 -1
-59535 -1
-59530 1
-59512 1
-59480 1
-59478 -1
-59461 1
-59449 -1
-59449 1
-59393 1
-59369 1
-59367 -1
-59362 1
-59353 -1
-59351 1
-59314 1
-59302 1
-59301 1
-59300 -1
-59267 1
-59254 -1
-59251 -1
-59208 1
-59155 -1
-59107 1
-59098 -1
-59094 -1
-59091 1
-59083 -1
-59074 -1
-59039 -1
-59029 -1
-59007 1
-58996 -1
-58985 1
-58958 -1
-58954 1
-58950 -1
-58913 1
-58897 1
-58890 1
-58871 -1
-58866 -1
-58853 -1
-58843 1
-58836 1
-58835 1
-58783 1
-58763 -1
-58751 -1
-58683 1
-58664 1
-58660 1
-58654 1
-58654 -1
-58627 1
-58547 1
-58542 1
-58538 -1
-58522 1
-58520 1
-58490 -1
-58454 1
-58437 -1
-58434 1
-58433 -1
-58430 -1
-58406 -1
-58402 -1
-58368 1
-58353 -1
-58326 -1
-58324 1
-58321 1
-58319 1
-58306 -1
-58302 -1
-58287 -1
-58275 1
-58264 -1
-58252 -1
-58251 -1
-58239 1
-58205 -1
-58144 -1
-58143 1
-58037 1
-58027 1
-57988 1
-57970 1
-57969 1
-57954 1
-57954 -1
-57940 1
-57922 -1
-57919 1
-57918 1
-57908 -1
-57900 -1
-57895 -1
-57853 -1
-57735 1
-57730 1
-57729 -1
-57718 1
-57703 -1
-57698 -1
-57646 1
-57645 1
-57644 1
-57630 -1
-57600 1
-57578 -1
-57550 1
-57546 1
-57538 1
-57408 -1
-57387 1
-57356 -1
-57347 -1
-57344 1
-57339 -1
-57334 1
-57318 1
-57314 -1
-57290 -1
-57208 -1
-57161 -1
-57159 -1
-57136 1
-57132 1
-57105 -1
-57104 -1
-57068 1
-57047 -1
-57034 -1
-56978 -1
-56978 -1
-56971 1
-56903 -1
-56873 -1
-56856 1
-56845 -1
-56844 1
-56834 -1
-56829 -1
-56800 -1
-56741 1
-56706 -1
-56626 1
-56608 -1
-56603 1
-56601 1
-56560 1
-56521 -1
-56498 -1
-56473 -1
-56468 1
-56464 -1
-56442 -1
-56431 -1
-56422 -1
-56418 1
-56401 1
-56401 1
-56388 -1
-56388 -1
-56372 -1
-56359 1
-56356 -1
-56324 1
-56323 1
-56303 1
-56300 1
-56299 1
-56294 1
-56287 1
-56259 1
-56232 1
-56226 -1
-56173 -1
-56159 1
-56149 1
-56139 -1
-56136 -1
-56122 -1
-56091 -1
-56074 1
-56073 -1
-56057 1
-56037 -1
-56025 1
-56011 1
-55986 -1
-55975 -1
-55959 1
-55950 1
-55948 1
-55939 -1
-55878 1
-55846 1
-55808 1
-55750 1
-55744 1
-55697 -1
-55693 -1
-55598 1
-55581 1
-55579 -1
-55538 -1
-55529 1
-55523 -1
-55504 -1
-55495 -1
-55471 1
-55459 1
-55448 -1
-55420 -1
-55412 1
-55388 1
-55381 -1
-55328 -1
-55322 1
-55306 1
-55285 1
-55273 -1
-55241 -1
-55236 1
-55228 -1
-55165 1
-55161 -1
-55136 1
-55123 -1
-55080 1
-55047 -1
-55020 1
-54977 1
-54974 1
-54972 1
-54930 1
-54862 -1
-54856 1
-54847 -1
-54820 1
-54818 1
-54763 -1
-54762 1
-54750 -1
-54747 1
-54744 -1
-54741 1
-54712 -1
-54690 -1
-54570 -1
-54550 -1
-54550 1
-54548 1
-54545 1
-54449 1
-54386 1
-54352 -1
-54352 1
-54349 1
-54341 -1
-54332 1
-54326 -1
-54260 -1
-54231 -1
-54226 -1
-54221 1
-54188 -1
-54171 -1
-54167 -1
-54118 -1
-54083 -1
-54078 1
-53998 1
-53978 1
-53973 -1
-53954 -1
-53914 -1
-53905 -1
-53902 -1
-53877 1
-53869 -1
-53864 -1
-53834 1
-53791 -1
-53700 1
-53682 -1
-53658 -1
-53648 -1
-53628 -1
-53618 1
-53616 1
-53604 -1
-53589 -1
-53517 1
-53488 1
-53473 -1
-53456 1
-53440 -1
-53410 1
-53406 -1
-53389 1
-53386 1
-53384 1
-53378 1
-53366 1
-53334 1
-53329 1
-53261 1
-53231 -1
-53173 1
-53162 1
-53158 -1
-53134 1
-53126 1
-53120 1
-53100 -1
-53093 -1
-52964 -1
-52946 -1
-52932 1
-52907 -1
-52887 -1
-52877 -1
-52799 1
-52798 -1
-52793 1
-52782 -1
-52773 1
-52766 1
-52764 -1
-52712 1
-52647 -1
-52625 -1
-52605 -1
-52583 -1
-52571 1
-52569 -1
-52564 -1
-52548 -1
-52517 -1
-52516 1
-52510 -1
-52508 1
-52473 1
-52465 1
-52442 1
-52295 1
-52282 1
-52281 1
-52245 1
-52235 -1
-52196 -1
-52188 -1
-52184 -1
-52175 -1
-52170 -1
-52153 -1
-52112 1
-52100 1
-52091 -1
-52069 1
-52065 1
-52064 -1
-52042 1
-52029 1
-52021 -1
-52021 1
-52009 -1
-51970 -1
-51942 -1
-51941 -1
-51921 -1
-51917 -1
-51917 1
-51909 1
-51895 -1
-51892 1
-51888 1
-51881 -1
-51871 -1
-51867 1
-51830 1
-51806 1
-51771 -1
-51701 1
-51655 1
-51631 1
-51630 1
-51627 -1
-51607 1
-51600 1
-51583 -1
-51582 1
-51578 -1
-51571 -1
-51565 1
-51531 -1
-51528 -1
-51481 -1
-51476 -1
-51428 1
-51413 -1
-51385 -1
-51366 -1
-51275 1
-51274 -1
-51246 -1
-51124 -1
-51119 1
-51092 1
-51087 1
-51077 1
-51076 -1
-51064 -1
-51047 1
-51014 1
-50993 -1
-50969 1
-50956 -1
-50887 1
-50877 1
-50849 1
-50784 1
-50781 -1
-50762 1
-50757 -1
-50701 1
-50698 -1
-50661 -1
-50644 -1
-50641 -1
-50632 1
-50620 1
-50575 1
-50561 -1
-50549 -1
-50516 -1
-50487 -1
-50477 1
-50448 1
-50377 -1
-50367 1
-50337 -1
-50329 1
-50324 1
-50245 -1
-50187 1
-50174 -1
-50173 -1
-50145 -1
-50130 -1
-50082 1
-50078 1
-49887 -1
-49878 -1
-49869 -1
-49850 -1
-49846 -1
-49779 -1
-49769 1
-49749 1
-49726 1
-49695 1
-49667 -1
-49664 -1
-49642 1
-49641 -1
-49626 1
-49605 -1
-49582 -1
-49569 -1
-49565 -1
-49545 1
-49539 1
-49529 1
-49528 -1
-49497 -1
-49452 1
-49451 1
-49426 -1
-49403 -1
-49395 1
-49373 -1
-49350 1
-49343 1
-49341 -1
-49340 1
-49281 1
-49279 -1
-49276 1
-49248 -1
-49234 -1
-49143 1
-49128 -1
-49110 1
-49098 1
-49074 -1
-49037 1
-49032 -1
-49030 1
-49003 1
-49002 1
-48990 1
-48964 -1
-48927 -1
-48926 -1
-48873 -1
-48847 1
-48826 -1
-48817 1
-48803 1
-48799 -1
-48768 1
-48754 1
-48739 1
-48729 1
-48727 -1
-48705 -1
-48673 -1
-48631 1
-48624 -1
-48524 1
-48515 1
-48471 -1
-48461 -1
-48439 1
-48421 -1
-48394 1
-48389 -1
-48376 1
-48355 -1
-48332 -1
-48284 -1
-48281 -1
-48252 -1
-48238 1
-48228 1
-48186 -1
-48158 -1
-48157 -1
-48154 -1
-48079 -1
-48065 -1
-48041 1
-48039 -1
-48025 1
-47986 1
-47946 -1
-47846 1
-47831 -1
-47813 1
-47805 -1
-47795 -1
-47789 1
-47756 -1
-47739 -1
-47739 1
-47692 -1
-47690 1
-47676 -1
-47673 1
-47639 -1
-47587 1
-47560 -1
-47539 -1
-47496 -1
-47464 1
-47463 -1
-47400 1
-47398 1
-47379 -1
-47359 -1
-47354 1
-47345 -1
-47315 -1
-47277 1
-47261 1
-47259 1
-47255 -1
-47235 1
-47216 -1
-47208 1
-47204 -1
-47190 -1
-47187 -1
-47168 -1
-47162 1
-47104 -1
-47046 1
-47000 1
-46993 1
-46987 1
-46981 1
-46929 1
-46926 1
-46922 -1
-46879 -1
-46849 -1
-46847 -1
-46835 1
-46817 1
-46815 -1
-46804 1
-46771 1
-46769 1
-46767 1
-46749 -1
-46744 -1
-46743 1
-46724 1
-46721 -1
-46716 -1
-46690 1
-46663 -1
-46635 -1
-46617 1
-46605 1
-46580 1
-46580 -1
-46577 -1
-46572 -1
-46557 -1
-46540 1
-46514 1
-46511 1
-46505 1
-46503 1
-46498 1
-46484 1
-46479 -1
-46438 -1
-46384 1
-46329 1
-46328 -1
-46325 -1
-46322 1
-46305 1
-46289 1
-46286 1
-46189 -1
-46180 -1
-46176 1
-46164 1
-46164 1
-46140 -1
-46125 -1
-46086 1
-46077 -1
-46076 -1
-46058 1
-46041 1
-46038 -1
-46015 -1
-46007 -1
-45989 1
-45984 -1
-45973 -1
-45923 1
-45883 1
-45826 1
-45819 1
-45816 1
-45806 -1
-45786 -1
-45760 1
-45733 1
-45686 -1
-45664 -1
-45626 -1
-45617 -1
-45612 1
-45607 -1
-45607 1
-45587 -1
-45587 1
-45579 1
-45520 -1
-45512 -1
-45511 -1
-45487 -1
-45463 1
-45453 1
-45423 -1
-45409 -1
-45388 1
-45263 1
-45245 1
-45239 -1
-45237 1
-45223 1
-45223 -1
-45206 -1
-45197 -1
-45193 -1
-45161 -1
-45145 1
-45137 1
-45130 1
-45090 1
-45050 1
-45047 -1
-45041 -1
-45029 1
-45024 -1
-45015 -1
-45013 1
-44993 -1
-44987 -1
-44953 -1
-44929 1
-44915 -1
-44894 1
-44862 -1
-44858 -1
-44833 1
-44817 -1
-44772 1
-44762 1
-44744 1
-44735 1
-44728 1
-44725 1
-44696 -1
-44672 1
-44627 -1
-44620 -1
-44601 1
-44579 1
-44579 1
-44530 1
-44510 -1
-44508 1
-44494 -1
-44491 1
-44479 -1
-44458 1
-44456 -1
-44418 1
-44398 1
-44397 -1
-44332 1
-44326 1
-44286 -1
-44262 1
-44241 1
-44237 -1
-44202 -1
-44192 -1
-44149 -1
-44139 -1
-44137 -1
-44118 -1
-44110 1
-44093 1
-44078 -1
-44057 -1
-44056 1
-43991 -1
-43938 -1
-43878 -1
-43854 -1
-43851 1
-43837 1
-43796 -1
-43781 -1
-43741 -1
-43737 -1
-43723 -1
-43674 1
-43667 1
-43595 -1
-43587 -1
-43548 -1
-43527 1
-43525 1
-43509 1
-43505 1
-43500 1
-43498 1
-43483 1
-43477 1
-43465 1
-43464 -1
-43459 1
-43451 -1
-43449 1
-43448 -1
-43420 1
-43416 1
-43380 1
-43354 -1
-43350 -1
-43314 1
-43267 -1
-43243 1
-43208 1
-43187 -1
-43161 1
-43145 1
-43144 -1
-43137 -1
-43128 1
-43108 -1
-43083 1
-43066 -1
-43000 -1
-42970 1
-42957 -1
-42940 1
-42934 1
-42920 -1
-42900 1
-42894 1
-42891 -1
-42883 1
-42879 -1
-42732 -1
-42664 1
-42661 1
-42646 -1
-42630 -1
-42622 -1
-42611 1
-42558 1
-42547 1
-42511 -1
-42491 1
-42470 1
-42462 -1
-42429 1
-42422 -1
-42399 1
-42394 -1
-42389 -1
-42364 1
-42363 1
-42361 -1
-42329 -1
-42287 -1
-42275 -1
-42252 -1
-42242 1
-42239 -1
-42162 -1
-42134 -1
-42099 1
-42092 1
-42091 1
-42061 1
-42053 1
-41991 1
-41938 -1
-41922 -1
-41920 1
-41898 1
-41884 1
-41843 1
-41840 1
-41813 1
-41792 -1
-41782 1
-41766 1
-41741 -1
-41736 1
-41724 1
-41718 -1
-41706 1
-41681 1
-41655 1
-41629 -1
-41625 1
-41623 1
-41613 -1
-41598 -1
-41590 1
-41540 -1
-41531 1
-41529 -1
-41486 1
-41471 -1
-41447 1
-41440 -1
-41405 -1
-41391 -1
-41373 1
-41361 1
-41361 -1
-41330 -1
-41263 -1
-41213 1
-41205 1
-41192 1
-41182 -1
-41170 -1
-41168 1
-41151 1
-41146 -1
-41125 1
-41107 -1
-41087 -1
-41045 -1
-41016 -1
-40996 -1
-40991 1
-40979 1
-40972 -1
-40969 -1
-40947 -1
-40932 1
-40872 -1
-40841 1
-40801 -1
-40780 -1
-40772 -1
-40757 1
-40747 -1
-40704 1
-40646 -1
-40621 1
-40611 1
-40588 1
-40564 1
-40559 -1
-40506 -1
-40489 1
-40478 -1
-40446 -1
-40409 -1
-40406 1
-40394 1
-40360 1
-40323 1
-40316 -1
-40300 -1
-40286 -1
-40282 -1
-40237 -1
-40230 -1
-40165 -1
-40125 -1
-40079 -1
-40077 1
-40058 -1
-40052 -1
-40013 -1
-39991 -1
-39985 -1
-39980 -1
-39962 -1
-39958 1
-39935 1
-39911 1
-39905 1
-39868 -1
-39839 -1
-39833 -1
-39826 -1
-39823 -1
-39813 -1
-39810 1
-39785 -1
-39771 1
-39765 1
-39758 1
-39756 1
-39754 -1
-39735 -1
-39723 1
-39711 1
-39699 1
-39698 -1
-39633 -1
-39617 1
-39601 1
-39590 1
-39589 1
-39574 1
-39466 1
-39441 -1
-39388 -1
-39365 1
-39331 -1
-39294 -1
-39291 1
-39248 1
-39187 -1
-39167 1
-39079 -1
-39068 -1
-39017 -1
-39004 -1
-38999 -1
-38973 -1
-38960 1
-38956 1
-38876 1
-38868 1
-38855 1
-38846 1
-38826 -1
-38780 -1
-38719 -1
-38714 -1
-38687 -1
-38664 1
-38654 -1
-38649 -1
-38645 -1
-38644 1
-38638 -1
-38610 -1
-38601 1
-38594 1
-38538 1
-38506 1
-38504 -1
-38474 -1
-38461 -1
-38423 1
-38421 1
-38421 1
-38416 1
-38411 -1
-38401 1
-38379 1
-38337 1
-38313 1
-38263 -1
-38244 1
-38234 -1
-38213 1
-38208 -1
-38170 1
-38132 -1
-38089 -1
-38084 -1
-38060 -1
-38051 1
-38045 1
-38032 1
-38015 -1
-38003 -1
-37990 1
-37978 -1
-37972 -1
-37960 -1
-37938 1
-37936 -1
-37934 -1
-37932 1
-37874 1
-37866 -1
-37830 -1
-37805 -1
-37785 -1
-37781 -1
-37756 -1
-37673 1
-37594 -1
-37592 -1
-37552 1
-37521 -1
-37485 1
-37476 -1
-37430 1
-37391 1
-37388 -1
-37355 1
-37341 -1
-37306 1
-37300 1
-37300 -1
-37254 -1
-37234 1
-37210 -1
-37182 1
-37179 -1
-37176 -1
-37143 -1
-37135 1
-37127 1
-37110 -1
-37077 -1
-37076 -1
-37065 1
-37040 1
-37033 1
-37017 1
-37017 1
-37006 1
-36993 -1
-36983 1
-36908 -1
-36907 1
-36907 1
-36802 -1
-36772 -1
-36760 1
-36746 -1
-36732 1
-36731 -1
-36718 1
-36689 -1
-36662 -1
-36631 -1
-36630 -1
-36572 1
-36565 1
-36525 -1
-36521 -1
-36487 1
-36467 1
-36450 1
-36430 -1
-36429 1
-36413 -1
-36405 -1
-36395 1
-36350 -1
-36341 -1
-36337 1
-36331 -1
-36304 1
-36289 1
-36270 -1
-36264 -1
-36204 -1
-36176 1
-36172 1
-36170 -1
-36142 1
-36127 -1
-36105 1
-36064 -1
-36039 -1
-36025 -1
-35978 1
-35962 -1
-35928 -1
-35905 -1
-35905 1
-35890 -1
-35868 -1
-35864 1
-35856 1
-35850 -1
-35841 1
-35797 -1
-35779 1
-35769 -1
-35731 1
-35726 -1
-35671 -1
-35660 1
-35609 1
-35580 1
-35579 -1
-35545 -1
-35525 1
-35503 -1
-35496 1
-35492 1
-35444 1
-35343 -1
-35327 1
-35316 -1
-35301 -1
-35232 -1
-35181 1
-35163 1
-35150 -1
-35131 1
-35074 -1
-35047 -1
-35035 1
-34964 1
-34957 -1
-34894 -1
-34882 -1
-34845 -1
-34797 -1
-34789 -1
-34788 -1
-34775 1
-34770 -1
-34742 -1
-34735 1
-34724 1
-34689 1
-34680 -1
-34658 -1
-34657 -1
-34648 1
-34636 1
-34628 -1
-34599 -1
-34568 -1
-34550 1
-34540 1
-34531 1
-34489 1
-34485 1
-34421 -1
-34409 1
-34395 1
-34383 -1
-34383 1
-34365 -1
-34360 -1
-34341 1
-34335 -1
-34331 1
-34274 1
-34271 -1
-34256 -1
-34180 -1
-34172 -1
-34161 -1
-34111 -1
-34103 -1
-34101 -1
-34095 -1
-34069 -1
-34065 -1
-34024 -1
-34011 -1
-33996 1
-33930 1
-33929 1
-33916 -1
-33877 1
-33846 -1
-33836 1
-33814 1
-33803 -1
-33802 -1
-33779 -1
-33761 1
-33683 -1
-33661 -1
-33656 -1
-33630 -1
-33598 -1
-33565 1
-33549 -1
-33504 1
-33471 -1
-33400 -1
-33395 -1
-33328 -1
-33317 -1
-33313 -1
-33288 1
-33271 -1
-33260 -1
-33184 1
-33172 -1
-33158 1
-33151 -1
-33135 1
-33105 1
-33104 -1
-33082 1
-33082 1
-33070 1
-33045 -1
-33014 1
-32985 -1
-32976 1
-32976 -1
-32973 1
-32965 -1
-32965 -1
-32963 -1
-32942 1
-32929 -1
-32927 1
-32926 -1
-32926 -1
-32892 1
-32847 1
-32843 1
-32828 -1
-32826 1
-32809 1
-32771 1
-32734 -1
-32716 -1
-32713 1
-32683 1
-32657 -1
-32616 1
-32588 -1
-32574 1
-32570 -1
-32561 -1
-32554 -1
-32539 1
-32532 1
-32530 1
-32510 1
-32508 1
-32465 1
-32439 1
-32417 -1
-32402 1
-32379 -1
-32379 -1
-32364 -1
-32259 -1
-32241 -1
-32213 -1
-32194 -1
-32191 1
-32188 1
-32178 -1
-32178 1
-32170 1
-32150 -1
-32104 1
-32100 -1
-32094 -1
-32092 1
-32026 1
-32018 -1
-31977 1
-31963 -1
-31961 1
-31945 1
-31941 -1
-31907 -1
-31868 1
-31850 1
-31808 -1
-31799 -1
-31792 -1
-31781 -1
-31769 -1
-31722 1
-31676 -1
-31672 1
-31662 1
-31662 -1
-31633 -1
-31628 -1
-31595 -1
-31589 1
-31586 -1
-31584 -1
-31574 1
-31549 1
-31543 1
-31491 -1
-31476 1
-31460 -1
-31443 1
-31422 1
-31380 -1
-31378 1
-31370 1
-31340 -1
-31339 1
-31322 -1
-31316 -1
-31315 -1
-31298 1
-31269 -1
-31266 1
-31243 -1
-31215 1
-31203 -1
-31137 1
-31114 -1
-31098 1
-31091 1
-31072 -1
-31066 1
-31045 1
-31041 -1
-31005 1
-30984 1
-30981 1
-30966 1
-30956 1
-30955 -1
-30938 -1
-30934 1
-30914 -1
-30903 -1
-30875 1
-30866 1
-30862 1
-30811 1
-30784 1
-30721 1
-30674 -1
-30669 1
-30665 -1
-30653 -1
-30557 1
-30549 -1
-30500 1
-30489 1
-30484 -1
-30443 -1
-30441 1
-30419 1
-30415 -1
-30380 -1
-30358 -1
-30259 1
-30231 -1
-30194 -1
-30168 1
-30160 1
-30104 -1
-30056 1
-30039 -1
-30028 -1
-30005 1
-29995 -1
-29926 1
-29924 -1
-29898 -1
-29884 -1
-29875 -1
-29845 -1
-29818 1
-29799 -1
-29783 -1
-29783 -1
-29773 1
-29766 1
-29750 1
-29745 -1
-29743 1
-29743 -1
-29741 1
-29730 -1
-29715 1
-29707 -1
-29621 1
-29605 1
-29582 -1
-29576 -1
-29575 -1
-29563 1
-29557 -1
-29545 -1
-29512 -1
-29511 1
-29499 1
-29498 -1
-29482 -1
-29472 -1
-29469 -1
-29465 1
-29448 1
-29414 -1
-29397 -1
-29344 -1
-29344 1
-29329 -1
-29316 1
-29310 -1
-29277 -1
-29255 -1
-29227 -1
-29193 -1
-29180 1
-29159 -1
-29152 1
-29136 1
-29130 -1
-29116 -1
-29113 -1
-29099 -1
-29067 1
-29057 -1
-29046 1
-29040 -1
-28999 -1
-28988 1
-28975 -1
-28888 -1
-28871 1
-28837 1
-28825 -1
-28812 1
-28801 -1
-28783 -1
-28781 -1
-28780 1
-28779 -1
-28745 1
-28737 -1
-28663 -1
-28661 -1
-28659 1
-28630 1
-28538 -1
-28532 1
-28532 -1
-28501 1
-28489 1
-28486 1
-28476 1
-28454 1
-28449 1
-28446 -1
-28439 -1
-28436 1
-28422 1
-28411 1
-28384 -1
-28384 -1
-28363 -1
-28294 -1
-28287 -1
-28273 -1
-28258 1
-28206 1
-28203 1
-28195 1
-28187 -1
-28179 -1
-28170 1
-28150 1
-28135 -1
-28116 1
-28108 -1
-28097 1
-28064 -1
-28010 1
-27967 -1
-27953 1
-27951 1
-27946 1
-27945 1
-27945 1
-27940 -1
-27933 1
-27932 1
-27890 1
-27887 -1
-27867 -1
-27823 -1
-27816 -1
-27814 1
-27809 -1
-27797 1
-27786 1
-27767 -1
-27714 -1
-27713 -1
-27676 -1
-27608 1
-27596 -1
-27583 -1
-27573 1
-27559 1
-27557 1
-27517 1
-27517 1
-27501 -1
-27489 1
-27476 1
-27437 -1
-27427 1
-27398 -1
-27386 -1
-27353 -1
-27352 1
-27339 1
-27335 -1
-27304 -1
-27302 -1
-27277 -1
-27262 -1
-27259 1
-27230 -1
-27187 -1
-27182 -1
-27148 -1
-27137 -1
-27131 1
-27117 1
-27031 1
-27018 1
-27009 1
-27005 -1
-26962 1
-26960 1
-26821 1
-26812 -1
-26796 1
-26786 -1
-26776 1
-26769 1
-26747 -1
-26747 -1
-26678 -1
-26676 1
-26608 -1
-26590 -1
-26589 1
-26586 1
-26526 1
-26520 -1
-26514 1
-26488 -1
-26413 -1
-26399 -1
-26395 1
-26380 -1
-26352 1
-26295 1
-26268 1
-26264 -1
-26263 1
-26240 1
-26212 -1
-26198 1
-26162 -1
-26139 1
-26101 -1
-26075 -1
-26060 -1
-26052 -1
-26015 -1
-26001 -1
-26001 -1
-25985 -1
-25978 -1
-25952 1
-25917 -1
-25915 -1
-25891 1
-25884 1
-25880 -1
-25869 1
-25865 1
-25862 -1
-25845 1
-25826 -1
-25825 -1
-25822 1
-25819 1
-25768 -1
-25757 -1
-25746 -1
-25701 -1
-25679 -1
-25678 -1
-25669 -1
-25666 -1
-25660 1
-25659 1
-25618 1
-25600 1
-25594 -1
-25565 1
-25563 -1
-25532 1
-25473 -1
-25458 1
-25443 -1
-25386 1
-25380 1
-25290 -1
-25218 1
-25188 1
-25183 1
-25183 1
-25077 -1
-25070 -1
-25028 -1
-24992 1
-24965 -1
-24954 1
-24936 1
-24879 1
-24856 1
-24840 -1
-24832 1
-24831 1
-24826 -1
-24814 1
-24809 -1
-24801 1
-24795 1
-24767 1
-24710 -1
-24700 -1
-24685 1
-24677 -1
-24676 -1
-24671 -1
-24656 -1
-24656 -1
-24652 -1
-24636 -1
-24615 1
-24565 -1
-24557 -1
-24531 -1
-24450 -1
-24450 -1
-24440 -1
-24432 -1
-24431 1
-24418 1
-24402 -1
-24391 -1
-24321 -1
-24315 1
-24293 1
-24291 1
-24290 1
-24283 -1
-24271 -1
-24215 1
-24213 -1
-24188 1
-24169 -1
-24164 -1
-24152 -1
-24028 1
-24024 1
-23990 -1
-23961 1
-23916 -1
-23910 -1
-23886 -1
-23862 1
-23857 1
-23840 1
-23829 -1
-23792 -1
-23783 1
-23771 -1
-23749 -1
-23725 1
-23685 1
-23683 -1
-23653 -1
-23640 1
-23588 1
-23569 -1
-23543 -1
-23533 -1
-23530 1
-23529 1
-23515 1
-23506 1
-23505 -1
-23504 1
-23494 1
-23473 1
-23470 -1
-23447 -1
-23445 -1
-23426 -1
-23418 1
-23381 -1
-23313 -1
-23310 -1
-23303 1
-23303 -1
-23296 -1
-23277 -1
-23270 -1
-23238 1
-23227 1
-23178 1
-23166 -1
-23110 -1
-23095 1
-23087 -1
-23077 1
-23077 1
-23018 1
-22961 -1
-22955 1
-22953 -1
-22947 1
-22914 -1
-22865 1
-22857 1
-22823 1
-22810 -1
-22808 -1
-22783 -1
-22777 -1
-22756 1
-22750 -1
-22732 1
-22724 -1
-22695 -1
-22683 1
-22682 -1
-22674 1
-22663 -1
-22649 1
-22639 -1
-22522 1
-22492 -1
-22468 1
-22460 -1
-22416 -1
-22385 -1
-22381 1
-22275 -1
-22274 -1
-22255 -1
-22255 1
-22220 1
-22200 -1
-22185 1
-22113 -1
-22081 1
-22031 -1
-22017 1
-22007 -1
-22002 -1
-21978 1
-21951 -1
-21937 1
-21933 1
-21893 -1
-21858 1
-21851 -1
-21832 -1
-21816 1
-21805 1
-21803 -1
-21799 1
-21781 -1
-21752 1
-21736 1
-21722 1
-21694 1
-21691 1
-21686 1
-21669 1
-21635 1
-21605 1
-21598 -1
-21592 1
-21590 -1
-21589 1
-21582 1
-21582 -1
-21570 -1
-21568 -1
-21567 1
-21550 -1
-21545 1
-21536 1
-21520 -1
-21491 1
-21481 -1
-21457 1
-21427 1
-21412 1
-21409 1
-21396 1
-21388 1
-21387 1
-21386 1
-21378 1
-21369 -1
-21369 1
-21367 -1
-21349 -1
-21309 1
-21296 1
-21289 1
-21284 1
-21232 1
-21225 1
-21204 -1
-21203 1
-21197 1
-21195 1
-21195 -1
-21186 1
-21185 1
-21175 1
-21143 -1
-21136 1
-21102 -1
-21102 -1
-21091 -1
-21087 -1
-21079 -1
-21056 1
-21049 1
-21022 -1
-20988 1
-20979 1
-20975 -1
-20937 -1
-20934 1
-20929 1
-20849 1
-20845 -1
-20835 -1
-20820 1
-20807 1
-20802 1
-20791 -1
-20787 1
-20785 1
-20776 1
-20744 1
-20714 1
-20650 -1
-20644 -1
-20610 -1
-20595 1
-20588 1
-20577 1
-20566 -1
-20562 1
-20531 1
-20501 -1
-20489 -1
-20480 1
-20470 -1
-20442 1
-20439 -1
-20414 1
-20367 -1
-20336 1
-20319 1
-20315 1
-20307 1
-20270 -1
-20251 1
-20228 1
-20225 -1
-20223 -1
-20195 1
-20194 -1
-20192 -1
-20177 -1
-20153 -1
-20100 -1
-20050 -1
-20033 1
-20031 -1
-19995 1
-19988 -1
-19921 1
-19906 1
-19901 -1
-19888 1
-19844 -1
-19837 1
-19812 1
-19808 -1
-19735 -1
-19705 1
-19694 1
-19692 1
-19665 1
-19642 1
-19621 -1
-19609 1
-19591 1
-19587 1
-19571 -1
-19563 1
-19560 -1
-19512 1
-19509 -1
-19495 -1
-19417 1
-19395 -1
-19383 -1
-19365 1
-19350 -1
-19337 1
-19323 1
-19284 -1
-19264 -1
-19264 -1
-19245 -1
-19187 1
-19166 1
-19157 1
-19146 -1
-19135 -1
-19132 1
-19123 -1
-19122 -1
-19120 1
-19092 1
-19071 -1
-19015 -1
-18949 -1
-18917 -1
-18903 -1
-18895 -1
-18889 -1
-18825 -1
-18806 -1
-18729 -1
-18713 -1
-18702 -1
-18672 -1
-18629 -1
-18587 1
-18555 1
-18549 1
-18542 -1
-18487 1
-18436 1
-18417 1
-18399 -1
-18378 -1
-18370 -1
-18360 -1
-18312 1
-18310 1
-18299 -1
-18296 -1
-18290 -1
-18247 1
-18219 1
-18214 -1
-18168 -1
-18137 -1
-18130 -1
-18106 -1
-18097 1
-18072 -1
-18046 -1
-18021 1
-17985 1
-17938 -1
-17897 -1
-17887 -1
-17870 -1
-17865 1
-17836 -1
-17807 -1
-17772 -1
-17748 -1
-17746 -1
-17736 1
-17709 1
-17656 -1
-17654 -1
-17647 -1
-17603 1
-17593 1
-17516 1
-17460 1
-17419 -1
-17416 -1
-17411 -1
-17346 1
-17345 -1
-17340 1
-17296 1
-17270 -1
-17252 1
-17249 -1
-17198 -1
-17176 1
-17149 -1
-17114 -1
-17087 1
-17086 1
-17079 1
-17066 1
-17044 1
-17044 -1
-17035 -1
-17027 -1
-17025 1
-17020 -1
-17007 -1
-16956 -1
-16938 -1
-16938 -1
-16925 -1
-16924 1
-16910 1
-16882 1
-16880 -1
-16870 1
-16862 1
-16851 -1
-16840 -1
-16786 1
-16783 1
-16742 1
-16729 1
-16728 1
-16713 -1
-16675 -1
-16672 1
-16605 1
-16553 1
-16552 1
-16534 1
-16500 -1
-16467 -1
-16456 1
-16433 1
-16401 1
-16385 -1
-16361 1
-16359 1
-16358 1
-16349 1
-16339 1
-16298 -1
-16283 -1
-16277 -1
-16276 1
-16268 -1
-16244 1
-16199 1
-16177 -1
-16160 -1
-16155 1
-16147 -1
-16144 1
-16143 -1
-16138 1
-16112 -1
-16107 1
-16092 1
-16083 1
-16035 -1
-16009 1
-15951 -1
-15941 1
-15929 -1
-15908 -1
-15885 -1
-15839 -1
-15821 1
-15793 1
-15791 1
-15780 1
-15777 -1
-15775 1
-15769 -1
-15765 -1
-15745 -1
-15740 1
-15715 -1
-15712 1
-15705 -1
-15701 -1
-15667 1
-15657 -1
-15617 1
-15578 1
-15576 1
-15560 -1
-15555 1
-15527 1
-15507 -1
-15478 1
-15470 1
-15437 -1
-15434 -1
-15426 1
-15402 1
-15396 1
-15396 1
-15384 -1
-15290 1
-15279 1
-15271 -1
-15268 -1
-15263 1
-15263 -1
-15255 1
-15248 -1
-15242 1
-15213 1
-15193 -1
-15178 1
-15145 -1
-15143 -1
-15120 1
-15066 1
-15065 -1
-15059 1
-15057 -1
-15010 1
-14948 1
-14936 1
-14924 1
-14894 1
-14858 -1
-14825 -1
-14811 -1
-14808 1
-14792 1
-14775 -1
-14774 1
-14773 -1
-14747 -1
-14747 -1
-14727 1
-14718 1
-14689 1
-14593 -1
-14534 1
-14505 1
-14501 1
-14462 1
-14453 1
-14403 -1
-14394 1
-14375 -1
-14366 1
-14350 1
-14297 1
-14290 1
-14279 1
-14279 -1
-14259 1
-14253 1
-14240 1
-14207 -1
-14184 -1
-14173 1
-14163 -1
-14151 1
-14128 -1
-14118 1
-14107 1
-14103 -1
-14097 1
-14097 -1
-14085 1
-14082 -1
-14077 1
-14070 -1
-14054 1
-14037 1
-14015 1
-14000 -1
-13978 -1
-13957 1
-13919 1
-13878 -1
-13872 1
-13867 -1
-13830 1
-13814 1
-13770 -1
-13758 -1
-13722 -1
-13720 -1
-13673 -1
-13658 -1
-13655 -1
-13569 1
-13557 1
-13529 1
-13527 1
-13449 1
-13415 -1
-13409 1
-13356 -1
-13341 -1
-13323 1
-13319 -1
-13267 -1
-13264 1
-13245 -1
-13189 1
-13186 1
-13088 1
-13033 1
-13021 1
-13019 -1
-13005 -1
-12996 -1
-12986 1
-12982 -1
-12964 1
-12949 1
-12941 -1
-12904 -1
-12874 1
-12865 -1
-12847 1
-12839 -1
-12827 -1
-12797 1
-12715 1
-12701 1
-12690 1
-12681 -1
-12672 1
-12646 1
-12631 1
-12622 -1
-12604 -1
-12601 -1
-12587 -1
-12583 -1
-12558 1
-12556 -1
-12550 -1
-12547 1
-12533 1
-12510 -1
-12505 1
-12502 -1
-12496 -1
-12444 -1
-12406 -1
-12392 -1
-12390 -1
-12361 -1
-12352 1
-12347 1
-12335 1
-12322 -1
-12319 -1
-12309 1
-12301 -1
-12283 -1
-12283 -1
-12223 1
-12223 -1
-12221 1
-12210 -1
-12204 1
-12184 -1
-12160 -1
-12142 1
-12084 -1
-12082 1
-12080 -1
-12077 1
-12075 1
-12075 1
-12061 1
-12060 1
-12033 1
-11990 -1
-11932 -1
-11909 -1
-11897 1
-11894 -1
-11884 -1
-11874 1
-11865 -1
-11861 1
-11837 -1
-11754 1
-11752 1
-11750 1
-11745 1
-11742 -1
-11738 1
-11711 1
-11701 1
-11633 -1
-11595 -1
-11594 1
-11551 1
-11536 1
-11533 1
-11531 1
-11528 1
-11526 1
-11525 1
-11516 -1
-11507 -1
-11504 -1
-11490 -1
-11452 1
-11451 -1
-11410 -1
-11381 -1
-11361 1
-11341 -1
-11290 -1
-11287 1
-11250 -1
-11226 -1
-11166 1
-11142 -1
-11138 1
-11097 -1
-11073 -1
-11052 1
-11040 -1
-11022 -1
-11020 1
-10987 1
-10987 -1
-10973 1
-10967 -1
-10943 1
-10922 1
-10889 -1
-10866 1
-10817 -1
-10813 -1
-10812 -1
-10805 1
-10798 1
-10758 -1
-10733 1
-10708 -1
-10700 1
-10695 -1
-10676 -1
-10668 -1
-10632 -1
-10626 1
-10554 -1
-10531 1
-10526 -1
-10428 -1
-10413 -1
-10408 -1
-10337 1
-10324 1
-10312 -1
-10284 1
-10270 1
-10264 1
-10243 -1
-10223 1
-10216 -1
-10208 1
-10185 -1
-10182 1
-10159 1
-10131 -1
-10111 -1
-10098 1
-10093 -1
-10064 1
-10059 -1
-10058 -1
-10030 -1
-10024 1
-10009 1
-9998 -1
-9986 1
-9958 -1
-9952 1
-9930 -1
-9840 1
-9829 1
-9824 -1
-9812 1
-9795 -1
-9752 1
-9748 -1
-9733 1
-9731 1
-9705 -1
-9680 -1
-9601 1
-9549 -1
-9497 1
-9483 1
-9463 1
-9463 1
-9451 -1
-9443 1
-9395 -1
-9389 -1
-9384 -1
-9379 -1
-9348 -1
-9340 1
-9337 -1
-9336 1
-9228 1
-9220 1
-9200 -1
-9175 -1
-9173 1
-9172 -1
-9157 1
-9095 1
-9087 -1
-9085 -1
-9054 1
-9020 -1
-9007 -1
-9003 1
-9003 1
-8983 1
-8957 -1
-8943 1
-8926 1
-8922 1
-8909 1
-8863 1
-8832 -1
-8809 1
-8803 -1
-8803 -1
-8798 1
-8768 1
-8749 1
-8742 1
-8726 -1
-8682 1
-8677 1
-8672 1
-8667 1
-8657 -1
-8657 1
-8641 1
-8639 -1
-8627 1
-8570 -1
-8558 1
-8531 -1
-8528 -1
-8517 -1
-8507 -1
-8506 1
-8490 1
-8459 1
-8424 1
-8358 1
-8289 -1
-8285 1
-8283 1
-8263 1
-8232 1
-8232 -1
-8223 1
-8202 1
-8188 -1
-8185 -1
-8171 1
-8152 -1
-8125 1
-8117 1
-8106 1
-8086 1
-8084 1
-8066 -1
-8032 1
-8012 -1
-8006 1
-7985 -1
-7958 1
-7957 1
-7956 1
-7951 -1
-7897 -1
-7887 1
-7860 1
-7800 -1
-7793 1
-7791 1
-7784 1
-7736 -1
-7717 -1
-7694 1
-7615 1
-7600 -1
-7590 1
-7569 1
-7564 -1
-7536 1
-7528 -1
-7525 1
-7514 -1
-7508 1
-7492 -1
-7447 -1
-7420 1
-7420 1
-7353 1
-7341 1
-7275 -1
-7260 -1
-7249 1
-7247 -1
-7205 1
-7194 1
-7190 -1
-7152 -1
-7127 -1
-7126 -1
-7090 1
-7066 1
-7044 -1
-7017 -1
-7012 1
-6961 1
-6954 1
-6935 -1
-6919 -1
-6894 -1
-6889 1
-6840 -1
-6775 1
-6739 1
-6716 1
-6648 -1
-6631 -1
-6581 -1
-6558 1
-6558 -1
-6526 -1
-6481 1
-6462 1
-6449 -1
-6408 -1
-6404 -1
-6368 -1
-6346 -1
-6334 -1
-6323 1
-6285 -1
-6257 -1
-6239 1
-6222 1
-6191 -1
-6180 -1
-6130 1
-6127 -1
-6119 1
-6115 1
-6073 1
-6043 1
-6021 -1
-5947 1
-5938 -1
-5923 1
-5835 -1
-5768 1
-5751 -1
-5734 -1
-5711 1
-5709 1
-5682 -1
-5666 1
-5659 -1
-5657 1
-5653 1
-5632 1
-5629 -1
-5575 -1
-5567 -1
-5564 1
-5556 1
-5554 1
-5541 1
-5536 1
-5530 1
-5482 1
-5480 1
-5455 1
-5453 1
-5441 -1
-5421 -1
-5408 1
-5379 1
-5377 -1
-5353 1
-5345 -1
-5340 1
-5290 1
-5287 -1
-5224 1
-5218 -1
-5201 1
-5175 -1
-5166 -1
-5162 1
-5160 -1
-5157 1
-5156 1
-5143 -1
-5113 1
-5089 -1
-5077 1
-5061 -1
-5049 1
-5040 -1
-5012 -1
-5007 -1
-4971 -1
-4954 -1
-4954 -1
-4912 1
-4883 1
-4870 1
-4797 1
-4765 1
-4739 1
-4739 1
-4738 1
-4712 1
-4665 -1
-4622 1
-4612 -1
-4608 1
-4603 -1
-4581 1
-4528 -1
-4510 1
-4507 -1
-4503 1
-4482 -1
-4473 1
-4439 -1
-4410 1
-4406 1
-4399 -1
-4377 1
-4376 -1
-4364 -1
-4361 -1
-4358 1
-4277 1
-4257 1
-4199 1
-4195 1
-4189 1
-4173 1
-4165 -1
-4165 -1
-4129 -1
-4102 1
-4073 -1
-4055 1
-4054 1
-4053 1
-4047 1
-4042 1
-3993 1
-3990 -1
-3990 -1
-3972 -1
-3965 -1
-3959 -1
-3958 -1
-3951 1
-3911 1
-3888 -1
-3883 -1
-3882 -1
-3862 1
-3819 -1
-3811 1
-3782 -1
-3768 -1
-3728 1
-3698 1
-3691 1
-3690 -1
-3643 1
-3605 -1
-3604 -1
-3596 1
-3550 1
-3547 1
-3493 1
-3485 1
-3476 1
-3476 1
-3417 1
-3416 1
-3383 1
-3375 -1
-3371 -1
-3348 -1
-3343 1
-3342 1
-3335 1
-3311 1
-3308 -1
-3304 -1
-3279 1
-3266 1
-3261 1
-3255 -1
-3246 1
-3232 1
-3221 1
-3127 1
-3110 1
-3107 -1
-3101 -1
-3091 -1
-3072 -1
-3069 -1
-3058 1
-3048 -1
-2989 -1
-2925 -1
-2921 -1
-2903 1
-2874 -1
-2839 1
-2830 -1
-2762 -1
-2709 1
-2707 -1
-2686 -1
-2670 -1
-2650 1
-2640 -1
-2596 -1
-2565 -1
-2551 1
-2544 1
-2529 -1
-2519 -1
-2516 1
-2461 1
-2458 1
-2437 -1
-2433 -1
-2324 1
-2306 -1
-2306 1
-2284 1
-2278 -1
-2242 1
-2241 1
-2182 -1
-2176 -1
-2094 1
-2060 -1
-2060 1
-2046 -1
-2046 1
-2027 1
-1942 1
-1932 -1
-1924 1
-1916 -1
-1910 -1
-1817 1
-1814 -1
-1813 -1
-1709 -1
-1693 1
-1670 -1
-1658 -1
-1609 -1
-1580 -1
-1547 -1
-1500 -1
-1472 1
-1420 -1
-1369 -1
-1354 -1
-1352 1
-1348 -1
-1342 -1
-1335 1
-1334 -1
-1312 1
-1307 1
-1284 -1
-1232 1
-1222 -1
-1220 1
-1213 1
-1203 1
-1201 1
-1160 1
-1148 1
-1143 -1
-1135 -1
-1094 1
-1091 -1
-1081 -1
-1009 1
-981 -1
-866 -1
-855 -1
-835 -1
-810 -1
-807 1
-770 -1
-754 1
-692 -1
-669 1
-661 1
-633 1
-621 1
-605 1
-593 -1
-578 -1
-556 1
-539 -1
-533 1
-513 -1
-500 -1
-484 -1
-482 -1
-479 1
-464 -1
-422 1
-403 -1
-372 -1
-347 1
-344 -1
-336 1
-296 -1
-294 1
-226 1
-214 1
-185 1
-179 1
-177 -1
-172 -1
-170 -1
-153 1
-150 1
-107 1
-104 -1
-97 1
-35 -1
-34 1
-14 1
-4 1
-2 1
0 -1
30 1
50 1
68 1
76 1
86 -1
86 -1
101 1
144 -1
154 -1
187 -1
198 1
206 1
255 1
259 -1
268 1
272 -1
272 -1
282 -1
311 -1
312 -1
343 -1
351 1
385 1
429 1
477 1
486 -1
495 1
511 1
511 1
512 -1
536 -1
544 1
563 -1
563 1
593 1
612 -1
614 1
635 1
649 -1
658 1
670 1
682 1
699 1
701 1
711 -1
756 1
784 -1
789 1
827 1
901 -1
928 1
932 1
932 -1
959 1
979 1
986 1
1022 1
1029 -1
1036 -1
1048 1
1062 -1
1074 1
1095 -1
1141 -1
1208 -1
1227 1
1294 1
1360 -1
1362 -1
1370 1
1409 1
1412 1
1414 -1
1487 -1
1514 -1
1522 -1
1532 1
1532 -1
1547 -1
1599 -1
1635 1
1637 1
1641 -1
1646 1
1659 -1
1662 1
1671 -1
1674 -1
1685 1
1692 -1
1704 1
1725 -1
1754 1
1779 1
1808 -1
1826 -1
1917 -1
1991 -1
2001 -1
2009 -1
2034 1
2108 1
2138 1
2161 1
2181 1
2182 1
2182 1
2241 1
2246 -1
2266 1
2268 1
2269 -1
2286 -1
2329 1
2340 -1
2352 1
2423 1
2439 1
2482 -1
2507 -1
2522 1
2535 1
2536 1
2545 -1
2557 1
2605 1
2619 1
2623 1
2640 1
2690 -1
2729 1
2785 1
2790 -1
2803 1
2806 1
2829 -1
2836 1
2840 -1
2849 1
2850 1
2860 -1
2862 1
2884 -1
2886 1
2889 1
2900 -1
2908 1
2913 -1
2982 1
3016 1
3034 -1
3054 1
3068 1
3084 -1
3085 -1
3106 -1
3112 1
3149 1
3181 -1
3204 -1
3207 -1
3251 -1
3317 1
3341 -1
3353 -1
3362 -1
3375 1
3401 1
3402 -1
3423 1
3430 -1
3441 1
3444 -1
3445 1
3447 -1
3450 -1
3468 1
3508 -1
3540 1
3563 1
3581 1
3662 -1
3673 -1
3675 1
3686 -1
3693 -1
3708 -1
3750 1
3754 1
3760 -1
3807 1
3842 1
3862 -1
3877 1
3878 1
3883 1
3888 1
3894 1
3909 1
3913 1
3920 -1
3925 -1
3926 1
3936 1
3992 -1
4065 1
4110 1
4129 1
4143 -1
4190 -1
4211 1
4231 -1
4264 -1
4306 1
4322 -1
4338 -1
4359 -1
4369 -1
4377 1
4398 1
4407 1
4414 1
4423 1
4475 1
4508 -1
4516 -1
4517 1
4519 -1
4540 1
4564 1
4590 1
4592 1
4630 1
4637 1
4743 -1
4748 -1
4778 -1
4783 -1
4807 -1
4910 1
4911 -1
4926 1
4984 1
4995 1
5013 1
5047 -1
5090 1
5124 -1
5143 -1
5147 1
5153 1
5176 1
5185 -1
5208 1
5226 1
5227 1
5234 1
5236 -1
5259 1
5265 1
5281 -1
5300 1
5331 1
5344 -1
5367 1
5375 1
5376 -1
5432 1
5440 -1
5452 1
5471 1
5474 1
5511 -1
5568 -1
5571 -1
5606 -1
5613 -1
5623 -1
5627 -1
5636 -1
5642 1
5661 -1
5669 1
5690 -1
5705 -1
5711 1
5779 -1
5815 -1
5833 -1
5866 -1
5880 1
5882 -1
5928 1
5938 -1
5955 1
5968 1
5983 1
5989 1
5999 -1
6022 -1
6026 1
6051 -1
6059 -1
6091 -1
6108 -1
6120 1
6166 1
6202 -1
6209 1
6210 -1
6219 -1
6220 -1
6226 -1
6256 -1
6269 1
6291 1
6309 1
6325 -1
6346 -1
6362 -1
6373 -1
6383 1
6390 -1
6391 1
6449 1
6494 -1
6556 -1
6609 1
6615 -1
6635 -1
6652 1
6679 1
6698 -1
6698 -1
6710 -1
6715 1
6733 1
6791 -1
6799 1
6845 1
6852 -1
6874 -1
6877 1
6881 1
6896 1
6934 1
6940 -1
6948 -1
7055 -1
7086 -1
7105 -1
7108 -1
7132 1
7143 -1
7150 -1
7152 -1
7160 -1
7168 1
7272 1
7283 -1
7299 1
7306 -1
7325 -1
7342 1
7360 1
7366 -1
7368 -1
7388 -1
7434 -1
7443 -1
7481 -1
7485 1
7494 -1
7505 1
7507 1
7511 1
7512 -1
7517 1
7562 1
7573 -1
7610 1
7622 -1
7625 -1
7674 -1
7679 -1
7684 1
7687 -1
7696 1
7708 1
7758 1
7782 1
7791 -1
7808 -1
7857 -1
7859 1
7883 -1
7909 -1
7919 1
7927 -1
7937 1
7987 -1
7990 -1
7997 -1
8154 -1
8155 1
8172 -1
8200 -1
8205 1
8206 1
8245 1
8303 -1
8304 1
8306 1
8334 -1
8364 -1
8378 -1
8381 -1
8445 1
8453 -1
8460 -1
8507 -1
8532 -1
8560 1
8561 1
8568 1
8601 -1
8606 -1
8613 -1
8623 1
8644 -1
8683 1
8683 1
8699 1
8768 1
8772 1
8840 1
8840 -1
8857 -1
8905 1
8906 1
8906 1
8908 -1
8921 -1
8925 -1
8985 -1
8993 -1
8999 -1
9029 1
9055 1
9070 1
9074 1
9079 -1
9097 1
9135 1
9155 1
9163 1
9181 1
9221 1
9304 1
9307 -1
9316 -1
9316 1
9320 1
9322 -1
9383 1
9411 -1
9428 -1
9447 1
9460 1
9460 1
9470 1
9488 1
9522 -1
9523 -1
9525 -1
9573 1
9578 1
9592 1
9607 -1
9616 -1
9638 1
9656 1
9777 -1
9792 1
9831 -1
9844 -1
9848 -1
9893 -1
9930 1
9939 -1
9995 1
10019 -1
10038 1
10046 1
10054 -1
10065 -1
10076 1
10098 -1
10118 1
10135 -1
10141 1
10157 1
10162 -1
10166 1
10175 -1
10179 1
10195 1
10214 1
10223 1
10248 -1
10284 -1
10298 1
10319 1
10320 -1
10331 -1
10335 -1
10338 -1
10372 1
10379 -1
10381 1
10395 1
10418 1
10433 -1
10489 1
10514 1
10596 -1
10621 -1
10649 1
10666 -1
10702 1
10719 -1
10728 -1
10741 1
10780 -1
10787 1
10794 1
10804 1
10815 1
10825 1
10849 1
10852 -1
10856 -1
10862 1
10889 -1
10900 1
10939 -1
10944 -1
10958 -1
10969 -1
10970 1
10970 -1
11020 -1
11066 -1
11066 1
11069 1
11096 1
11099 -1
11106 1
11106 1
11174 -1
11194 1
11216 1
11242 1
11248 1
11256 -1
11296 1
11308 -1
11384 -1
11409 -1
11470 1
11513 -1
11546 1
11583 -1
11639 1
11673 -1
11689 1
11694 1
11696 1
11713 -1
11716 1
11716 -1
11736 -1
11751 -1
11751 -1
11758 1
11780 -1
11801 -1
11871 -1
11910 -1
11913 1
11923 1
11929 1
11932 -1
11968 -1
11988 -1
12015 -1
12021 -1
12091 1
12122 -1
12126 -1
12137 1
12187 1
12189 -1
12206 1
12224 -1
12240 1
12247 -1
12265 -1
12295 -1
12302 -1
12307 1
12316 1
12318 -1
12356 1
12367 -1
12369 -1
12387 1
12391 1
12407 -1
12470 -1
12480 -1
12482 1
12504 1
12525 -1
12535 -1
12544 -1
12554 1
12558 1
12582 -1
12596 -1
12627 -1
12632 -1
12741 1
12744 -1
12756 1
12770 -1
12791 1
12809 -1
12822 -1
12822 1
12831 1
12855 1
12878 1
12912 -1
12944 -1
12962 1
12971 1
12975 -1
13019 -1
13020 1
13042 1
13042 -1
13058 1
13073 -1
13109 -1
13129 1
13173 1
13186 1
13205 -1
13222 -1
13239 1
13243 -1
13249 -1
13317 1
13333 1
13372 -1
13392 1
13440 -1
13446 1
13449 1
13480 -1
13493 -1
13519 1
13566 1
13569 1
13574 -1
13583 -1
13603 1
13651 -1
13694 -1
13744 -1
13775 -1
13777 -1
13815 -1
13816 1
13830 -1
13850 -1
13856 1
13867 1
13884 1
13884 1
13898 -1
13916 -1
13936 -1
13952 1
13976 1
13991 -1
14022 1
14062 -1
14071 -1
14082 -1
14103 -1
14119 1
14148 -1
14194 -1
14205 -1
14208 -1
14208 1
14214 -1
14222 -1
14252 1
14298 1
14331 1
14349 -1
14357 1
14362 1
14376 -1
14416 1
14442 1
14444 -1
14467 1
14473 1
14491 -1
14494 -1
14507 -1
14526 1
14527 -1
14529 -1
14541 -1
14544 1
14544 -1
14552 1
14586 1
14606 -1
14680 -1
14723 -1
14733 1
14738 -1
14757 1
14762 -1
14780 1
14797 -1
14800 1
14826 1
14833 -1
14837 -1
14851 1
14859 -1
14862 1
14875 1
14894 1
14904 -1
14907 -1
14915 -1
14925 -1
14966 -1
15017 -1
15029 1
15032 -1
15039 -1
15046 -1
15076 -1
15118 1
15122 1
15126 -1
15134 1
15140 1
15160 1
15168 1
15223 -1
15226 1
15246 -1
15260 1
15267 -1
15296 -1
15298 -1
15317 1
15317 -1
15324 1
15360 -1
15361 -1
15365 1
15387 -1
15414 -1
15423 -1
15465 -1
15522 -1
15524 -1
15574 -1
15575 1
15578 -1
15603 1
15634 1
15646 1
15650 1
15736 -1
15784 1
15808 -1
15848 1
15876 -1
15919 1
15937 1
15953 -1
15966 -1
15969 -1
15976 -1
15984 1
16028 1
16037 -1
16069 1
16078 -1
16083 1
16129 1
16142 -1
16161 -1
16192 -1
16192 1
16201 -1
16248 -1
16274 -1
16274 1
16297 -1
16298 -1
16302 -1
16306 -1
16323 1
16326 -1
16361 -1
16362 -1
16386 1
16406 1
16429 -1
16443 -1
16450 -1
16460 1
16475 1
16491 1
16499 1
16537 -1
16568 -1
16608 -1
16625 -1
16625 1
16652 1
16657 1
16668 1
16673 1
16688 -1
16699 1
16700 -1
16715 -1
16729 1
16730 1
16733 -1
16737 -1
16794 -1
16823 -1
16828 -1
16828 -1
16856 -1
16865 -1
16869 1
16888 -1
16926 1
16927 -1
16939 1
16940 -1
16949 1
16949 -1
17119 1
17125 -1
17166 1
17182 1
17219 1
17227 -1
17237 1
17238 1
17239 -1
17272 1
17272 1
17282 1
17288 1
17293 -1
17356 -1
17407 1
17416 -1
17496 -1
17505 -1
17537 1
17572 1
17578 -1
17610 1
17640 1
17654 1
17659 1
17676 1
17687 1
17705 1
17708 -1
17722 -1
17732 1
17735 -1
17735 1
17742 -1
17753 1
17753 1
17758 -1
17773 1
17790 -1
17795 1
17807 -1
17819 1
17833 -1
17844 1
17884 -1
17892 1
17898 -1
17906 1
17921 1
17955 1
17963 1
17967 -1
17969 1
17973 1
17992 1
18004 -1
18011 1
18054 -1
18087 -1
18145 -1
18151 -1
18154 -1
18159 1
18172 -1
18179 -1
18186 -1
18199 1
18222 -1
18250 -1
18266 1
18283 1
18319 1
18321 -1
18341 -1
18393 1
18396 1
18444 -1
18473 -1
18493 1
18495 1
18522 -1
18542 1
18552 -1
18555 1
18582 1
18600 -1
18615 1
18615 1
18622 1
18625 1
18659 1
18661 1
18665 1
18676 -1
18676 -1
18678 -1
18710 -1
18717 1
18746 1
18760 -1
18763 -1
18798 -1
18803 1
18812 -1
18816 1
18830 1
18856 1
18898 1
18906 1
18941 1
18977 -1
18978 -1
18988 1
19000 1
19067 -1
19067 1
19093 1
19109 1
19110 1
19116 -1
19151 -1
19187 -1
19196 -1
19198 1
19218 -1
19225 1
19240 -1
19253 -1
19298 -1
19304 1
19323 -1
19339 -1
19358 -1
19414 -1
19496 -1
19503 1
19512 -1
19517 1
19518 1
19541 1
19545 -1
19547 -1
19600 1
19658 -1
19671 -1
19683 1
19701 -1
19711 1
19746 1
19761 -1
19766 1
19793 1
19808 -1
19810 -1
19820 1
19820 -1
19856 -1
19858 -1
19864 -1
19871 1
19875 1
19939 1
19946 1
19968 1
19998 -1
20009 -1
20011 1
20027 -1
20048 1
20059 1
20064 1
20067 1
20068 1
20075 1
20084 1
20088 1
20105 1
20143 1
20176 1
20184 -1
20192 -1
20204 1
20206 1
20214 -1
20234 -1
20266 1
20310 -1
20322 1
20331 1
20340 -1
20368 -1
20387 1
20399 -1
20400 1
20451 -1
20489 1
20498 -1
20498 -1
20499 -1
20514 -1
20525 1
20546 1
20582 1
20592 1
20599 1
20611 1
20638 -1
20670 -1
20709 1
20712 1
20727 1
20753 1
20755 -1
20804 -1
20815 1
20818 -1
20823 -1
20828 1
20831 -1
20834 1
20844 -1
20851 -1
20884 1
20924 -1
20930 1
20931 -1
20970 1
20976 -1
20984 1
20993 1
20998 -1
21030 1
21032 -1
21037 1
21041 -1
21053 1
21061 -1
21062 1
21106 -1
21109 1
21115 -1
21129 -1
21131 1
21146 -1
21147 1
21169 -1
21180 -1
21191 -1
21199 1
21206 1
21215 -1
21225 1
21242 -1
21283 1
21304 -1
21323 1
21338 1
21342 -1
21380 1
21413 1
21447 1
21453 -1
21456 1
21553 1
21586 1
21597 -1
21629 1
21664 -1
21707 -1
21708 -1
21730 -1
21734 1
21762 1
21765 1
21790 -1
21820 -1
21833 1
21929 1
21957 1
21959 -1
21966 1
21966 1
22025 1
22037 -1
22050 1
22132 1
22147 1
22155 1
22167 1
22186 -1
22236 -1
22251 1
22265 1
22276 -1
22299 1
22336 1
22354 1
22368 -1
22375 -1
22413 -1
22432 -1
22475 -1
22500 -1
22501 -1
22518 1
22526 1
22527 -1
22531 -1
22534 1
22609 1
22615 1
22619 1
22652 -1
22686 -1
22702 -1
22764 1
22793 -1
22814 1
22825 -1
22850 -1
22884 -1
22901 -1
22903 -1
22908 -1
22932 1
22932 -1
22950 1
22952 -1
22965 1
22978 -1
23007 1
23021 1
23036 1
23118 -1
23138 1
23145 -1
23146 1
23147 -1
23148 -1
23158 -1
23169 -1
23200 -1
23204 -1
23268 -1
23298 -1
23309 -1
23310 -1
23327 -1
23346 1
23364 -1
23410 -1
23417 1
23478 -1
23505 -1
23550 1
23586 -1
23590 -1
23596 1
23599 -1
23609 -1
23618 1
23622 1
23627 1
23644 1
23650 1
23668 -1
23669 1
23698 1
23701 1
23712 1
23719 1
23726 -1
23732 -1
23764 -1
23835 -1
23854 -1
23871 -1
23896 -1
23936 -1
23960 -1
23984 1
23994 -1
23998 1
24007 -1
24034 1
24066 1
24079 -1
24098 -1
24155 -1
24204 -1
24222 -1
24227 -1
24246 -1
24306 -1
24339 -1
24339 -1
24474 -1
24491 -1
24518 -1
24525 -1
24535 1
24538 1
24544 -1
24557 -1
24603 1
24611 1
24620 -1
24633 1
24643 1
24704 -1
24712 1
24742 -1
24752 1
24766 -1
24769 -1
24808 1
24859 1
24901 1
24919 1
24923 1
24928 1
24998 1
25002 -1
25007 1
25012 -1
25012 -1
25024 1
25026 1
25070 -1
25071 -1
25128 -1
25142 1
25152 -1
25160 -1
25163 -1
25190 1
25246 -1
25247 -1
25274 1
25281 -1
25294 1
25296 -1
25305 -1
25335 1
25341 1
25368 1
25369 1
25371 -1
25407 -1
25421 1
25483 -1
25501 -1
25507 1
25606 1
25638 1
25669 -1
25693 -1
25708 -1
25766 1
25781 1
25827 -1
25909 -1
25910 1
25917 -1
25928 1
25946 -1
25967 -1
25970 -1
25985 -1
26008 -1
26056 1
26075 1
26075 1
26098 1
26146 -1
26191 1
26210 1
26211 -1
26216 1
26246 -1
26317 1
26324 -1
26326 1
26337 -1
26361 1
26388 1
26392 1
26421 1
26431 -1
26457 1
26484 1
26533 1
26534 -1
26538 1
26547 -1
26600 1
26611 -1
26643 1
26665 1
26725 1
26730 1
26761 -1
26765 -1
26781 -1
26783 1
26791 1
26798 1
26818 1
26829 -1
26840 1
26862 1
26870 -1
26881 1
26910 1
26923 1
26960 1
27032 1
27083 1
27143 1
27188 1
27212 1
27239 1
27278 -1
27286 1
27288 1
27307 -1
27309 -1
27339 1
27365 -1
27390 1
27398 -1
27415 -1
27477 -1
27503 1
27522 -1
27542 1
27575 1
27587 -1
27597 -1
27616 1
27657 -1
27669 -1
27674 1
27679 -1
27705 -1
27708 1
27724 1
27731 1
27732 -1
27736 1
27739 -1
27742 1
27773 -1
27773 -1
27779 -1
27802 1
27809 -1
27824 1
27826 -1
27827 1
27846 -1
27847 1
27866 -1
27870 -1
27911 1
27919 1
27934 1
27951 1
27955 1
27972 -1
28018 -1
28029 -1
28045 -1
28051 1
28056 1
28058 1
28133 1
28135 -1
28140 1
28167 -1
28169 1
28171 1
28185 -1
28196 1
28205 -1
28224 1
28227 -1
28268 -1
28269 1
28280 -1
28310 -1
28329 1
28359 -1
28371 -1
28384 -1
28413 -1
28449 -1
28450 -1
28465 -1
28486 1
28487 -1
28514 1
28528 -1
28548 -1
28573 -1
28575 1
28577 1
28613 1
28624 1
28637 -1
28654 1
28655 -1
28677 1
28734 1
28739 1
28749 1
28777 1
28788 -1
28824 -1
28847 -1
28891 -1
28894 -1
28904 -1
28944 1
28959 -1
28972 1
28986 -1
28992 1
29040 -1
29053 1
29059 -1
29112 -1
29150 1
29196 -1
29205 -1
29205 1
29250 -1
29303 1
29324 1
29379 1
29379 1
29383 1
29397 1
29424 1
29429 1
29430 -1
29455 -1
29529 -1
29545 1
29601 -1
29618 1
29624 1
29646 1
29672 -1
29695 -1
29698 1
29714 1
29736 1
29750 1
29753 1
29761 1
29799 -1
29829 -1
29845 1
29854 -1
29871 -1
29884 -1
29889 -1
29906 -1
29907 1
29915 1
29933 1
29938 1
29966 1
29967 1
30032 1
30034 -1
30042 1
30102 -1
30114 -1
30116 -1
30133 1
30163 1
30200 1
30225 1
30230 1
30230 -1
30242 1
30263 -1
30283 1
30297 -1
30306 1
30306 -1
30306 -1
30332 -1
30334 1
30376 1
30413 -1
30440 1
30443 -1
30445 -1
30460 1
30474 1
30480 1
30488 1
30515 -1
30530 1
30559 -1
30570 -1
30589 1
30633 1
30643 1
30650 1
30655 1
30670 1
30697 -1
30700 1
30744 1
30766 1
30771 -1
30796 1
30804 -1
30817 1
30850 1
30870 1
30875 -1
30886 1
30889 1
30911 -1
30942 1
30947 -1
31017 -1
31019 1
31027 1
31054 -1
31077 -1
31097 -1
31101 -1
31113 1
31123 1
31141 -1
31170 -1
31175 1
31198 1
31199 -1
31243 -1
31268 1
31285 1
31289 1
31293 -1
31326 -1
31370 1
31397 1
31449 -1
31451 -1
31468 1
31484 -1
31506 -1
31516 1
31518 1
31521 -1
31585 -1
31659 -1
31693 -1
31739 1
31739 -1
31740 -1
31751 1
31814 1
31841 -1
31855 1
31867 -1
31868 -1
31876 1
31899 -1
31915 -1
31989 1
32018 1
32073 1
32100 -1
32111 -1
32118 1
32120 -1
32137 1
32152 1
32158 -1
32161 1
32173 1
32185 -1
32188 -1
32195 -1
32206 1
32209 1
32214 1
32251 1
32255 -1
32267 1
32295 1
32339 1
32353 1
32382 -1
32389 -1
32399 -1
32404 1
32428 -1
32445 1
32451 1
32537 -1
32563 -1
32593 -1
32604 -1
32607 1
32607 -1
32628 1
32631 1
32647 1
32651 -1
32716 1
32724 -1
32746 1
32749 1
32762 -1
32844 1
32860 -1
32863 1
32906 -1
32990 1
33008 1
33029 1
33054 1
33092 -1
33094 1
33163 1
33178 1
33258 1
33264 -1
33276 1
33279 1
33294 -1
33301 1
33322 -1
33341 -1
33342 -1
33354 -1
33357 -1
33382 1
33387 1
33412 1
33452 1
33519 -1
33520 -1
33531 1
33555 -1
33682 1
33695 -1
33712 1
33720 1
33745 1
33745 -1
33753 1
33790 1
33800 -1
33847 1
33861 1
33863 1
33866 1
33875 -1
33890 1
33914 1
33930 1
33937 1
33945 1
33956 1
33957 1
33966 1
33971 -1
34011 1
34036 -1
34064 1
34133 1
34137 -1
34138 -1
34150 -1
34161 1
34176 -1
34197 1
34228 1
34242 1
34250 -1
34280 -1
34329 -1
34336 -1
34338 1
34376 -1
34399 1
34503 1
34508 1
34517 -1
34528 -1
34530 -1
34544 1
34549 1
34591 1
34611 -1
34632 1
34635 1
34653 1
34681 1
34686 -1
34712 -1
34750 -1
34753 -1
34758 -1
34779 -1
34802 1
34811 -1
34825 1
34827 1
34849 -1
34866 -1
34891 -1
34914 1
34928 1
34938 -1
35042 1
35043 1
35056 -1
35090 1
35108 -1
35131 1
35150 1
35154 1
35157 1
35158 -1
35158 1
35197 -1
35209 -1
35248 -1
35290 1
35315 1
35332 1
35336 -1
35344 1
35349 -1
35374 1
35400 1
35402 1
35423 1
35437 1
35456 -1
35497 -1
35502 1
35513 -1
35526 1
35533 -1
35537 1
35562 1
35597 -1
35635 1
35641 -1
35698 1
35721 1
35770 1
35782 -1
35793 -1
35809 1
35811 -1
35834 -1
35863 -1
35888 -1
35892 1
35896 1
35925 1
35930 -1
35935 1
35984 1
36027 -1
36030 -1
36046 1
36076 1
36089 1
36091 1
36128 1
36143 1
36174 1
36186 1
36223 -1
36226 1
36229 1
36247 1
36271 -1
36290 1
36310 1
36385 -1
36392 -1
36424 1
36457 1
36473 -1
36508 -1
36508 -1
36544 -1
36551 1
36583 1
36585 -1
36623 -1
36629 1
36647 1
36663 -1
36679 -1
36682 1
36703 -1
36718 1
36728 1
36740 -1
36757 -1
36779 1
36785 -1
36786 -1
36866 1
36893 -1
36895 -1
36906 -1
36906 -1
36951 -1
37006 1
37021 -1
37069 1
37081 1
37131 -1
37146 1
37147 1
37152 -1
37179 -1
37183 1
37189 1
37205 -1
37224 1
37329 1
37348 -1
37359 -1
37365 1
37368 -1
37385 1
37412 -1
37423 1
37440 1
37444 1
37483 1
37491 -1
37517 -1
37557 1
37591 -1
37593 -1
37641 1
37666 1
37732 -1
37790 1
37791 1
37827 -1
37849 -1
37854 1
37949 -1
37987 1
37994 -1
38031 1
38071 1
38072 1
38117 -1
38148 1
38170 -1
38210 1
38238 -1
38243 1
38258 -1
38263 1
38299 -1
38303 -1
38310 1
38326 1
38326 -1
38327 1
38340 1
38349 -1
38367 -1
38416 -1
38446 -1
38465 -1
38478 1
38478 1
38516 1
38527 -1
38534 -1
38534 1
38549 1
38557 1
38577 1
38585 1
38610 -1
38628 1
38637 1
38647 -1
38653 1
38659 -1
38659 1
38680 1
38694 1
38699 1
38707 1
38734 1
38766 -1
38802 1
38803 -1
38805 1
38818 -1
38843 1
38924 -1
38958 -1
39040 -1
39041 1
39064 1
39087 1
39119 -1
39154 -1
39198 1
39202 -1
39203 1
39225 -1
39225 1
39268 1
39297 1
39303 1
39309 -1
39354 1
39379 -1
39391 1
39395 1
39422 1
39426 1
39431 1
39464 -1
39471 -1
39493 -1
39502 -1
39532 -1
39555 -1
39589 -1
39605 -1
39613 -1
39622 1
39622 1
39634 -1
39642 1
39669 -1
39675 1
39680 1
39699 1
39705 -1
39709 -1
39714 1
39734 -1
39738 -1
39794 1
39796 1
39827 1
39870 1
39932 -1
39933 1
39971 -1
39982 -1
39998 1
40006 1
40015 1
40044 1
40054 1
40059 -1
40085 -1
40087 -1
40142 1
40145 1
40175 -1
40186 -1
40189 1
40220 1
40227 -1
40245 -1
40246 1
40270 1
40272 -1
40277 -1
40296 -1
40305 -1
40334 -1
40363 1
40374 1
40396 -1
40405 1
40411 -1
40472 1
40473 -1
40483 1
40483 -1
40489 1
40509 1
40538 1
40546 1
40608 1
40616 1
40628 -1
40652 1
40653 1
40669 -1
40720 1
40727 1
40750 1
40764 1
40774 -1
40791 1
40797 1
40810 -1
40827 1
40834 1
40850 -1
40912 -1
40919 -1
40935 -1
40939 1
40963 1
40965 -1
40965 1
40968 -1
40976 1
40977 1
40978 1
40990 -1
41001 -1
41037 1
41120 1
41143 -1
41148 1
41153 -1
41166 1
41169 1
41200 1
41229 1
41252 -1
41281 -1
41283 -1
41283 -1
41285 1
41304 1
41315 -1
41319 1
41322 1
41337 1
41355 1
41362 -1
41370 -1
41389 -1
41394 -1
41417 1
41437 -1
41495 1
41508 -1
41529 1
41543 1
41557 -1
41575 -1
41605 1
41610 -1
41614 -1
41618 -1
41618 -1
41637 1
41669 1
41683 1
41737 1
41788 1
41826 -1
41838 -1
41859 1
41863 -1
41888 1
41904 -1
41941 -1
41957 1
41963 -1
41984 1
41991 -1
41992 1
41995 -1
41996 -1
42005 1
42006 1
42013 -1
42019 1
42101 1
42110 1
42112 -1
42117 1
42154 1
42176 1
42177 -1
42210 1
42212 -1
42226 -1
42231 1
42267 -1
42287 -1
42303 1
42344 -1
42345 1
42379 1
42422 -1
42485 -1
42486 -1
42488 1
42523 1
42533 -1
42557 -1
42564 1
42573 -1
42587 -1
42642 1
42685 1
42689 1
42715 1
42716 1
42762 -1
42787 1
42788 -1
42800 1
42801 -1
42830 1
42852 -1
42859 1
42864 -1
42868 1
42885 1
42905 -1
42906 1
42910 -1
42927 -1
42947 -1
42982 1
43030 1
43031 1
43040 1
43090 -1
43105 1
43122 -1
43141 1
43166 1
43216 1
43270 1
43332 1
43398 -1
43402 1
43422 1
43441 -1
43441 -1
43443 1
43470 -1
43492 -1
43503 -1
43544 1
43566 -1
43566 1
43661 -1
43689 -1
43692 -1
43725 1
43728 -1
43757 1
43774 -1
43781 1
43790 -1
43805 -1
43823 -1
43922 -1
43986 1
43999 1
44015 1
44018 1
44022 1
44028 -1
44039 1
44069 1
44081 1
44108 1
44113 -1
44153 -1
44165 -1
44172 -1
44176 1
44180 1
44193 1
44219 1
44224 1
44224 -1
44243 1
44253 -1
44302 1
44335 -1
44349 1
44373 -1
44408 1
44420 1
44440 1
44446 -1
44453 -1
44483 1
44489 -1
44501 -1
44503 1
44547 1
44558 -1
44647 1
44666 -1
44685 1
44689 -1
44739 -1
44795 1
44872 -1
44875 -1
44882 1
44887 1
44906 -1
44938 1
44947 -1
44975 1
45006 -1
45012 1
45014 1
45020 1
45029 -1
45032 1
45058 1
45112 1
45132 -1
45135 -1
45138 1
45167 1
45184 -1
45197 -1
45199 -1
45211 -1
45293 1
45311 1
45328 -1
45360 -1
45382 1
45387 -1
45429 1
45470 1
45482 -1
45504 -1
45560 1
45572 -1
45584 -1
45630 -1
45645 1
45671 1
45692 -1
45693 1
45701 1
45749 1
45765 -1
45767 -1
45783 1
45798 -1
45801 1
45833 1
45910 -1
45921 -1
45926 -1
45934 1
45936 -1
45938 -1
45953 1
45954 1
45957 -1
45976 1
45978 -1
45986 -1
45998 1
46011 1
46012 -1
46082 1
46117 -1
46118 -1
46145 1
46148 -1
46156 -1
46189 1
46193 1
46210 1
46258 -1
46266 -1
46279 1
46292 1
46361 -1
46412 1
46413 1
46419 -1
46426 1
46448 1
46450 -1
46461 -1
46466 1
46467 1
46475 -1
46481 -1
46483 1
46487 1
46490 -1
46503 -1
46506 1
46524 -1
46532 1
46552 -1
46554 1
46591 1
46633 1
46645 1
46646 1
46653 1
46659 -1
46676 -1
46686 -1
46729 -1
46746 1
46768 -1
46790 1
46836 -1
46862 1
46873 1
46922 1
46948 -1
46951 1
47000 1
47034 1
47087 -1
47090 1
47091 1
47128 -1
47148 1
47154 -1
47233 1
47244 -1
47249 -1
47277 1
47279 -1
47286 -1
47286 -1
47408 1
47422 1
47441 1
47461 -1
47469 -1
47472 1
47492 -1
47527 -1
47534 1
47603 1
47610 1
47611 1
47621 1
47627 -1
47628 1
47641 -1
47650 -1
47698 -1
47771 -1
47798 -1
47841 -1
47893 -1
47953 -1
47969 -1
47970 1
47992 -1
48000 1
48034 1
48034 1
48035 1
48063 1
48092 -1
48113 -1
48148 1
48176 -1
48188 1
48214 1
48239 -1
48244 1
48250 1
48284 1
48305 1
48313 1
48343 1
48385 -1
48394 -1
48425 -1
48437 1
48461 -1
48468 -1
48468 -1
48491 1
48492 -1
48495 1
48551 -1
48557 1
48566 1
48587 -1
48622 -1
48624 -1
48624 1
48641 -1
48648 -1
48683 -1
48710 -1
48728 1
48774 -1
48781 1
48792 -1
48796 1
48807 -1
48823 1
48824 -1
48824 -1
48831 -1
48840 -1
48848 -1
48869 -1
48870 1
48879 1
48894 -1
48905 1
48932 1
48947 1
48954 -1
48958 1
48974 -1
48979 1
49020 -1
49026 -1
49048 -1
49110 -1
49111 -1
49115 -1
49133 1
49143 -1
49152 -1
49233 1
49251 1
49292 -1
49325 -1
49352 1
49369 1
49395 -1
49430 -1
49434 1
49442 -1
49478 -1
49516 1
49557 -1
49621 -1
49640 -1
49651 1
49709 1
49744 -1
49803 1
49821 -1
49874 -1
49893 1
49893 1
49898 1
49914 -1
49925 1
49944 -1
49949 -1
49966 -1
49966 1
49972 1
50040 1
50057 1
50063 1
50092 -1
50115 -1
50158 1
50178 1
50185 -1
50207 -1
50210 1
50217 -1
50267 1
50274 1
50279 1
50315 -1
50356 -1
50385 1
50389 -1
50393 -1
50436 -1
50483 -1
50489 1
50496 -1
50510 -1
50589 1
50594 1
50619 1
50625 -1
50656 1
50669 -1
50712 -1
50733 1
50734 -1
50739 -1
50774 1
50795 1
50814 1
50824 -1
50850 1
50854 -1
50860 1
50906 -1
50921 1
50981 -1
51020 1
51057 1
51084 1
51085 1
51114 1
51126 1
51127 1
51158 1
51169 1
51194 1
51194 -1
51220 -1
51241 1
51242 -1
51257 -1
51287 -1
51300 -1
51318 -1
51372 1
51406 -1
51422 1
51445 1
51453 1
51456 1
51463 -1
51478 1
51504 -1
51511 1
51555 -1
51560 1
51561 1
51573 -1
51578 -1
51614 1
51618 1
51622 1
51668 1
51673 -1
51680 1
51756 1
51789 1
51791 -1
51833 -1
51842 1
51853 -1
51860 1
51870 1
51907 -1
51924 -1
51951 -1
52018 1
52029 -1
52033 1
52078 -1
52092 1
52123 -1
52128 1
52171 1
52236 -1
52255 1
52297 -1
52302 -1
52381 -1
52391 1
52541 -1
52557 1
52563 -1
52567 -1
52576 1
52587 1
52589 1
52594 1
52597 1
52609 1
52645 1
52669 1
52683 1
52734 -1
52741 1
52752 -1
52792 1
52801 1
52855 -1
52861 -1
52873 -1
52875 -1
52884 1
52886 -1
52914 -1
52915 1
52947 1
52951 -1
52983 -1
52989 1
52991 1
53025 -1
53029 1
53039 -1
53046 -1
53068 1
53074 1
53077 1
53093 -1
53107 1
53110 1
53122 1
53124 -1
53164 -1
53172 1
53185 1
53196 1
53202 -1
53205 -1
53233 1
53245 1
53247 1
53306 -1
53310 -1
53312 1
53316 1
53373 1
53402 1
53422 1
53489 1
53491 1
53506 1
53526 -1
53584 1
53598 1
53607 -1
53623 1
53639 1
53644 -1
53649 1
53653 1
53692 -1
53729 1
53781 -1
53832 1
53859 1
53872 1
53880 1
53900 1
53903 1
54038 -1
54060 1
54073 1
54097 1
54124 -1
54147 1
54168 1
54209 -1
54220 1
54236 -1
54282 1
54301 -1
54305 1
54324 -1
54336 -1
54347 1
54365 1
54392 1
54415 -1
54468 1
54476 1
54482 1
54490 -1
54496 -1
54528 -1
54599 1
54603 -1
54612 -1
54621 1
54627 1
54694 -1
54721 1
54733 1
54744 1
54753 -1
54773 -1
54776 -1
54783 1
54785 1
54794 -1
54799 1
54802 -1
54823 1
54850 -1
54855 -1
54930 1
54988 1
55025 1
55052 -1
55073 -1
55103 -1
55129 1
55140 -1
55143 -1
55149 1
55199 -1
55220 -1
55221 -1
55263 1
55273 1
55276 1
55281 -1
55301 -1
55331 1
55345 1
55358 1
55377 -1
55389 -1
55408 1
55408 1
55420 1
55421 -1
55425 1
55448 1
55450 -1
55480 -1
55500 -1
55510 -1
55556 -1
55559 1
55600 1
55616 1
55619 -1
55630 -1
55631 1
55644 1
55659 -1
55662 1
55663 -1
55674 1
55685 -1
55694 -1
55695 1
55746 1
55778 -1
55792 1
55877 -1
55982 1
56007 1
56018 1
56056 1
56076 -1
56099 1
56110 -1
56173 1
56184 1
56184 1
56191 -1
56192 1
56212 1
56233 -1
56267 -1
56286 -1
56302 -1
56350 -1
56364 -1
56374 -1
56374 1
56381 -1
56411 1
56415 -1
56432 1
56453 -1
56471 -1
56491 1
56519 -1
56525 1
56540 -1
56547 1
56596 -1
56650 1
56661 1
56669 -1
56698 1
56708 1
56745 1
56782 -1
56792 1
56804 1
56805 -1
56817 -1
56893 1
56960 1
56960 -1
56979 1
56979 -1
57001 1
57018 1
57022 -1
57024 1
57030 1
57036 -1
57079 1
57110 -1
57118 1
57126 1
57140 -1
57140 -1
57141 1
57152 -1
57179 -1
57192 1
57199 -1
57206 -1
57210 1
57226 1
57232 1
57254 -1
57285 1
57359 1
57369 1
57404 1
57409 -1
57466 1
57477 -1
57493 -1
57504 -1
57528 -1
57573 -1
57595 -1
57611 1
57628 1
57701 1
57732 1
57745 1
57793 1
57809 1
57855 1
57857 1
57858 -1
57880 1
57893 1
57911 -1
57977 -1
57978 1
58003 1
58034 1
58047 1
58056 -1
58081 1
58082 -1
58103 -1
58114 1
58131 -1
58145 -1
58157 1
58170 -1
58183 1
58207 -1
58252 1
58312 1
58331 1
58347 1
58374 -1
58378 1
58403 1
58410 1
58417 1
58458 -1
58458 1
58496 1
58515 1
58580 -1
58581 1
58592 -1
58625 1
58666 1
58672 1
58807 1
58840 -1
58852 -1
58869 -1
58872 1
58915 1
58922 1
58945 1
58946 1
58965 1
58968 -1
58981 1
58988 1
59008 -1
59038 1
59043 -1
59066 -1
59066 -1
59091 -1
59102 -1
59109 -1
59170 1
59178 1
59184 1
59241 1
59245 1
59245 1
59257 1
59260 1
59261 -1
59312 -1
59313 1
59315 -1
59323 -1
59336 -1
59340 -1
59347 -1
59354 -1
59377 -1
59383 1
59389 1
59396 -1
59418 1
59418 -1
59425 1
59436 1
59443 -1
59444 -1
59472 1
59481 1
59494 1
59498 1
59514 1
59515 1
59551 -1
59564 -1
59568 -1
59626 1
59633 -1
59687 1
59695 -1
59703 -1
59704 1
59705 1
59715 1
59743 -1
59778 -1
59796 1
59810 1
59838 -1
59843 1
59858 -1
59882 -1
59893 1
59895 1
59912 1
59922 1
59949 -1
60002 -1
60028 1
60109 1
60111 1
60112 1
60125 1
60145 1
60148 1
60152 -1
60155 1
60174 -1
60196 1
60234 -1
60235 1
60256 -1
60292 -1
60296 1
60311 -1
60341 -1
60354 -1
60358 1
60388 1
60394 -1
60409 -1
60487 1
60489 1
60492 -1
60512 1
60514 1
60549 -1
60552 1
60569 1
60570 1
60599 1
60609 -1
60610 -1
60622 1
60634 -1
60653 1
60656 -1
60663 1
60687 1
60694 1
60705 -1
60711 1
60744 -1
60798 1
60807 1
60836 -1
60856 1
60867 -1
60896 1
60915 -1
60923 1
60928 1
60950 1
60975 1
60985 1
61135 -1
61172 1
61203 1
61226 1
61254 -1
61263 -1
61276 1
61323 1
61340 1
61361 1
61395 -1
61406 -1
61425 1
61444 -1
61463 1
61487 1
61494 -1
61530 -1
61537 1
61553 -1
61675 -1
61691 1
61704 -1
61739 -1
61794 -1
61801 -1
61820 1
61821 1
61835 -1
61894 -1
61928 1
61937 -1
61995 1
62004 -1
62020 -1
62048 -1
62049 -1
62069 1
62074 -1
62075 1
62081 -1
62130 -1
62212 -1
62242 1
62257 -1
62262 1
62307 1
62319 -1
62320 1
62326 1
62339 1
62386 -1
62411 -1
62438 -1
62439 1
62466 -1
62530 1
62621 1
62666 1
62728 1
62756 1
62773 -1
62802 -1
62837 1
62841 1
62861 1
62908 1
62930 -1
62937 -1
62941 1
62985 -1
62996 1
63015 1
63020 1
63027 1
63033 -1
63047 -1
63055 -1
63060 1
63062 1
63064 -1
63103 -1
63105 1
63138 -1
63186 1
63201 1
63211 -1
63231 1
63247 -1
63263 1
63267 -1
63268 1
63272 1
63323 1
63328 1
63355 -1
63370 1
63374 1
63387 1
63409 -1
63423 -1
63440 1
63442 1
63484 1
63507 -1
63532 1
63536 -1
63544 1
63547 -1
63547 1
63567 -1
63572 1
63593 -1
63633 1
63671 1
63760 -1
63764 1
63794 1
63807 1
63812 1
63861 -1
63942 -1
63955 -1
63956 -1
63957 1
63967 -1
63985 -1
64074 -1
64094 -1
64144 1
64149 1
64165 1
64169 -1
64173 -1
64190 1
64203 1
64209 -1
64225 -1
64256 1
64310 1
64320 -1
64336 1
64341 1
64392 -1
64396 1
64419 1
64486 -1
64496 1
64496 -1
64518 -1
64578 1
64578 -1
64580 1
64581 1
64594 -1
64597 1
64617 -1
64641 -1
64642 1
64677 1
64688 1
64710 1
64711 -1
64718 -1
64724 -1
64809 -1
64834 -1
64839 -1
64848 1
64871 -1
64873 -1
64875 1
64881 1
64915 1
64970 1
64983 1
65008 -1
65031 1
65038 -1
65058 -1
65068 -1
65103 -1
65123 1
65135 -1
65136 1
65145 1
65165 -1
65168 -1
65176 -1
65187 -1
65205 -1
65207 1
65214 -1
65227 1
65253 -1
65322 -1
65329 1
65338 -1
65397 -1
65401 1
65433 -1
65434 -1
65435 1
65439 -1
65468 -1
65474 1
65484 -1
65488 1
65516 1
65621 1
65625 -1
65643 1
65646 -1
65661 1
65670 -1
65687 1
65723 1
65739 -1
65760 -1
65816 1
65820 -1
65822 -1
65854 -1
65866 -1
65889 -1
65890 -1
65913 -1
65917 -1
65921 1
65928 1
65999 1
66019 1
66058 -1
66068 -1
66091 -1
66091 -1
66123 -1
66128 1
66128 -1
66170 1
66171 1
66176 -1
66218 -1
66228 1
66328 1
66333 1
66350 1
66351 -1
66376 -1
66400 -1
66403 -1
66472 1
66484 1
66494 1
66530 -1
66532 1
66549 -1
66552 -1
66570 -1
66578 1
66587 1
66601 1
66617 1
66637 -1
66650 1
66677 1
66701 1
66744 1
66796 1
66836 1
66848 -1
66856 1
66886 1
66893 1
66901 -1
66907 1
66944 1
66972 -1
66982 -1
67005 -1
67019 1
67108 1
67125 -1
67148 -1
67188 1
67201 -1
67202 -1
67219 1
67221 -1
67230 1
67247 1
67299 -1
67301 1
67324 1
67325 1
67337 -1
67350 1
67438 -1
67466 -1
67477 -1
67487 1
67491 -1
67515 1
67522 1
67525 1
67527 1
67576 1
67627 1
67660 -1
67671 -1
67705 1
67753 -1
67756 1
67764 -1
67802 -1
67836 -1
67862 1
67869 1
67930 -1
67962 1
67963 -1
67975 1
67978 1
68007 -1
68038 -1
68045 1
68052 1
68065 -1
68070 1
68072 -1
68087 -1
68093 1
68106 1
68120 1
68153 -1
68158 1
68182 1
68195 -1
68203 1
68254 1
68275 -1
68276 -1
68289 1
68295 -1
68320 1
68337 1
68361 -1
68363 1
68382 1
68383 -1
68389 1
68396 1
68436 -1
68443 -1
68461 1
68464 1
68469 1
68489 -1
68531 1
68566 -1
68591 -1
68616 1
68628 1
68667 1
68686 -1
68715 -1
68756 1
68779 -1
68782 -1
68802 -1
68822 1
68861 1
68908 -1
68915 -1
69053 1
69059 -1
69072 1
69086 -1
69158 -1
69158 -1
69181 -1
69190 1
69219 1
69253 1
69258 -1
69263 -1
69287 -1
69321 1
69327 1
69334 1
69336 1
69393 1
69436 1
69470 -1
69475 -1
69513 1
69513 1
69516 1
69519 1
69540 1
69592 1
69592 -1
69602 1
69624 1
69643 1
69653 1
69655 1
69656 1
69702 -1
69720 1
69722 -1
69731 -1
69787 1
69790 1
69802 1
69813 1
69827 -1
69842 1
69874 -1
69878 -1
69881 1
69888 -1
69903 -1
69918 1
69919 -1
69945 -1
69954 1
69974 1
70026 -1
70055 1
70066 1
70085 1
70099 1
70130 1
70148 1
70162 -1
70164 1
70169 -1
70206 -1
70239 1
70245 1
70262 -1
70262 -1
70298 1
70309 1
70357 1
70396 1
70457 -1
70461 -1
70488 -1
70497 1
70509 1
70519 -1
70525 1
70535 1
70548 -1
70553 -1
70557 1
70564 -1
70608 -1
70769 -1
70797 1
70835 1
70877 -1
70941 1
70945 1
70983 -1
70999 -1
71073 -1
71093 -1
71096 1
71104 -1
71109 -1
71138 -1
71143 -1
71153 -1
71154 -1
71155 -1
71179 -1
71186 -1
71190 1
71195 1
71209 -1
71216 1
71268 -1
71268 -1
71271 1
71272 -1
71281 -1
71282 -1
71282 -1
71289 -1
71320 -1
71327 -1
71371 -1
71381 1
71406 -1
71433 1
71434 -1
71446 -1
71514 -1
71516 -1
71550 -1
71590 1
71599 -1
71622 -1
71638 -1
71648 -1
71659 1
71660 -1
71664 -1
71675 -1
71679 -1
71717 1
71723 1
71723 -1
71734 -1
71840 1
71843 1
71859 1
71879 1
71891 1
71905 -1
71922 1
71925 1
71978 -1
71990 -1
71993 1
72007 -1
72020 1
72049 1
72052 -1
72054 -1
72082 -1
72122 1
72162 1
72169 -1
72176 -1
72193 -1
72229 1
72231 1
72232 1
72250 1
72252 1
72352 -1
72368 -1
72369 1
72385 -1
72401 -1
72422 1
72427 -1
72431 -1
72460 -1
72480 -1
72494 1
72501 -1
72560 -1
72569 1
72595 1
72598 -1
72599 1
72602 -1
72618 -1
72629 1
72650 -1
72686 -1
72702 -1
72734 1
72743 -1
72744 -1
72769 -1
72818 1
72820 1
72896 -1
72901 -1
72904 -1
72939 1
72958 -1
72971 1
72974 1
73005 1
73009 1
73024 -1
73067 -1
73079 -1
73079 1
73082 -1
73088 -1
73089 -1
73097 -1
73111 1
73125 1
73141 1
73145 1
73161 1
73163 1
73195 1
73204 1
73222 -1
73228 -1
73228 1
73230 1
73236 1
73275 1
73279 1
73294 1
73320 1
73329 1
73357 1
73378 1
73384 -1
73392 1
73398 -1
73404 -1
73409 -1
73419 -1
73427 1
73450 1
73457 -1
73465 1
73491 -1
73503 -1
73528 -1
73532 -1
73541 1
73567 1
73577 1
73582 -1
73585 1
73592 1
73601 -1
73614 1
73636 1
73651 -1
73659 -1
73673 -1
73677 1
73681 -1
73689 -1
73697 1
73737 1
73745 -1
73755 1
73771 1
73828 1
73851 -1
73863 -1
73894 -1
73900 1
73925 -1
73941 1
73945 -1
73952 -1
73955 1
74023 1
74047 -1
74050 1
74071 -1
74075 1
74084 1
74111 1
74134 1
74170 1
74193 1
74296 -1
74299 1
74334 -1
74366 1
74376 -1
74386 -1
74422 -1
74438 1
74445 1
74450 1
74465 -1
74477 -1
74486 1
74506 -1
74514 -1
74522 -1
74566 -1
74598 1
74635 1
74660 1
74685 -1
74687 -1
74714 -1
74722 -1
74773 1
74788 -1
74827 -1
74831 -1
74856 -1
74924 1
74939 -1
74950 -1
75002 1
75019 1
75026 -1
75032 1
75037 -1
75040 1
75043 -1
75116 1
75125 1
75144 -1
75155 -1
75156 1
75174 -1
75187 -1
75197 1
75240 1
75240 1
75251 -1
75251 1
75252 -1
75257 -1
75278 1
75288 1
75291 1
75314 -1
75315 -1
75330 -1
75364 1
75386 1
75388 -1
75455 1
75505 1
75513 1
75527 1
75555 1
75565 -1
75581 -1
75592 -1
75623 1
75647 1
75719 -1
75750 1
75750 1
75753 1
75764 1
75767 -1
75768 -1
75768 1
75769 -1
75773 1
75775 1
75781 -1
75801 1
75812 1
75825 -1
75832 -1
75850 -1
75887 1
75923 1
75925 -1
75946 -1
75997 -1
76005 -1
76025 1
76045 1
76104 -1
76139 1
76140 1
76143 -1
76156 1
76157 1
76236 -1
76236 -1
76242 1
76245 -1
76258 -1
76266 1
76272 1
76278 -1
76293 1
76324 -1
76338 1
76346 -1
76354 -1
76381 -1
76442 -1
76447 -1
76459 1
76508 -1
76509 -1
76517 -1
76566 1
76591 -1
76594 -1
76598 -1
76613 1
76626 -1
76634 -1
76661 1
76680 -1
76722 -1
76795 1
76807 -1
76816 -1
76914 1
76918 -1
76963 1
76998 1
77005 -1
77019 1
77056 1
77061 -1
77090 -1
77131 1
77136 1
77144 1
77194 -1
77199 -1
77236 -1
77242 1
77259 -1
77270 1
77301 1
77302 1
77351 -1
77392 1
77422 1
77431 1
77435 1
77441 -1
77452 1
77456 -1
77461 1
77461 -1
77503 1
77531 -1
77536 -1
77558 1
77599 -1
77606 1
77656 -1
77681 -1
77763 1
77794 -1
77800 -1
77801 1
77808 -1
77817 1
77848 -1
77874 -1
77879 -1
77905 -1
77917 -1
77919 1
77921 -1
77933 -1
77973 -1
77983 -1
77995 1
78000 1
78012 1
78050 -1
78060 1
78082 -1
78093 1
78106 1
78106 -1
78108 -1
78125 -1
78128 -1
78167 -1
78180 -1
78193 -1
78204 1
78223 -1
78240 -1
78254 1
78262 -1
78283 -1
78286 1
78324 1
78341 1
78348 1
78356 -1
78382 1
78415 -1
78423 -1
78431 1
78455 -1
78469 1
78470 1
78490 1
78502 -1
78589 1
78604 1
78608 1
78657 1
78668 1
78671 -1
78718 1
78719 -1
78734 1
78757 1
78778 -1
78799 -1
78809 1
78832 1
78836 1
78838 -1
78841 -1
78855 1
78861 1
78882 1
78899 -1
78920 -1
78928 1
78951 -1
78979 -1
79002 -1
79007 1
79013 1
79028 1
79085 -1
79103 1
79104 1
79109 -1
79129 -1
79156 1
79159 -1
79164 1
79165 -1
79178 -1
79198 1
79246 -1
79258 1
79334 1
79438 -1
79463 1
79484 1
79493 -1
79496 1
79511 1
79538 1
79555 -1
79559 1
79570 1
79608 1
79656 1
79696 -1
79700 1
79701 -1
79709 -1
79745 -1
79749 1
79760 1
79783 1
79795 -1
79822 -1
79841 -1
79907 -1
79959 -1
80002 -1
80069 -1
80086 1
80098 -1
80239 1
80289 1
80295 -1
80394 -1
80395 -1
80414 1
80422 -1
80424 -1
80463 -1
80470 -1
80479 1
80480 1
80497 1
80509 -1
80516 -1
80518 -1
80545 -1
80555 -1
80564 -1
80567 1
80572 -1
80582 1
80600 1
80623 -1
80657 -1
80668 -1
80674 1
80680 -1
80707 1
80737 -1
80755 -1
80811 -1
80811 -1
80817 1
80827 -1
80851 1
80864 -1
80886 -1
80889 1
80897 -1
80901 1
80902 -1
80903 1
81018 1
81033 1
81061 -1
81092 1
81096 -1
81097 -1
81135 1
81203 -1
81208 -1
81209 1
81234 -1
81255 -1
81286 1
81299 1
81302 1
81336 1
81351 1
81355 -1
81365 -1
81385 -1
81394 1
81410 1
81414 1
81463 1
81477 -1
81497 1
81512 1
81530 -1
81543 1
81559 -1
81571 1
81636 1
81641 -1
81668 -1
81696 -1
81744 -1
81759 -1
81762 -1
81780 -1
81788 -1
81804 1
81806 -1
81826 1
81851 1
81868 -1
81873 -1
81875 1
81889 1
81894 1
81918 -1
81938 -1
81945 1
81984 1
81999 -1
81999 -1
82004 -1
82010 1
82037 -1
82041 -1
82058 1
82070 -1
82130 -1
82146 -1
82152 -1
82153 1
82185 -1
82202 -1
82206 1
82210 -1
82224 -1
82269 -1
82299 1
82306 1
82333 -1
82334 -1
82350 -1
82351 -1
82362 -1
82394 1
82404 1
82414 -1
82422 -1
82441 -1
82447 1
82500 1
82525 -1
82527 1
82553 -1
82571 1
82576 1
82576 1
82582 1
82583 -1
82606 1
82622 1
82670 1
82681 1
82688 -1
82707 1
82729 1
82737 -1
82749 1
82753 -1
82756 1
82776 1
82789 -1
82820 1
82856 1
82863 -1
82869 -1
82888 -1
82912 -1
82920 1
82952 1
82967 1
82985 1
82988 1
82990 1
82996 1
82998 1
83022 -1
83039 1
83072 1
83083 -1
83087 -1
83106 -1
83107 -1
83204 1
83208 -1
83249 1
83260 -1
83262 -1
83280 1
83282 1
83283 -1
83302 -1
83312 1
83335 1
83343 1
83360 -1
83406 1
83414 -1
83428 -1
83442 -1
83488 1
83505 -1
83512 1
83516 1
83525 1
83535 1
83537 -1
83549 1
83552 1
83576 -1
83583 -1
83583 -1
83591 -1
83612 1
83619 -1
83624 1
83672 1
83672 -1
83719 1
83730 1
83758 1
83783 -1
83791 1
83821 -1
83835 1
83847 -1
83852 1
83852 -1
83873 1
83888 -1
83903 1
83965 -1
83972 -1
83991 1
83992 -1
84050 1
84063 1
84086 -1
84094 -1
84095 1
84096 1
84097 1
84130 -1
84187 -1
84195 -1
84199 1
84208 -1
84251 -1
84257 -1
84301 -1
84317 1
84320 -1
84320 -1
84374 -1
84409 1
84418 -1
84421 1
84424 1
84454 1
84480 1
84487 1
84509 -1
84513 1
84559 1
84560 -1
84561 1
84586 -1
84608 1
84638 1
84647 -1
84659 1
84690 -1
84698 -1
84737 1
84742 1
84748 1
84753 -1
84788 1
84804 1
84817 1
84822 -1
84836 1
84860 -1
84916 -1
84918 1
84926 -1
84967 1
84988 -1
85009 -1
85084 1
85113 -1
85119 1
85163 1
85185 -1
85186 -1
85204 1
85204 1
85218 -1
85258 -1
85277 -1
85298 -1
85302 1
85332 1
85357 -1
85363 -1
85379 -1
85403 -1
85415 1
85437 1
85480 -1
85505 -1
85512 -1
85529 1
85533 -1
85547 1
85567 1
85589 1
85600 -1
85607 -1
85683 -1
85691 -1
85710 1
85734 -1
85735 1
85747 1
85757 1
85759 -1
85787 1
85863 -1
85910 -1
85935 -1
85988 1
86011 1
86012 1
86015 1
86045 -1
86054 1
86061 1
86069 1
86077 1
86102 -1
86151 -1
86156 1
86161 -1
86164 -1
86169 1
86197 1
86197 1
86229 -1
86246 -1
86246 -1
86246 -1
86292 1
86299 -1
86311 1
86316 1
86346 1
86348 -1
86357 -1
86364 -1
86367 -1
86379 1
86458 1
86465 1
86473 1
86487 -1
86532 -1
86541 -1
86592 -1
86615 1
86617 -1
86627 -1
86638 1
86650 1
86701 -1
86711 1
86716 1
86765 1
86767 -1
86810 1
86829 -1
86853 1
86878 -1
86888 1
86978 -1
86996 1
86997 -1
86998 -1
87026 -1
87026 1
87027 -1
87065 -1
87092 -1
87101 1
87141 -1
87143 1
87160 1
87197 -1
87230 1
87275 1
87286 -1
87302 1
87307 -1
87328 1
87335 1
87358 1
87363 -1
87393 1
87397 -1
87442 -1
87444 -1
87481 -1
87536 1
87537 1
87539 -1
87567 1
87567 1
87569 -1
87573 1
87581 1
87590 -1
87600 1
87613 1
87632 -1
87640 -1
87645 -1
87647 1
87651 -1
87658 1
87678 1
87682 -1
87698 -1
87711 1
87719 -1
87740 1
87747 1
87761 -1
87785 1
87800 -1
87801 1
87803 1
87830 1
87863 -1
87870 -1
87883 1
87900 -1
87922 1
87952 -1
87970 -1
87996 1
88001 -1
88017 1
88037 1
88056 1
88060 1
88062 -1
88082 -1
88126 -1
88151 1
88153 1
88171 1
88175 1
88196 -1
88220 1
88222 1
88283 -1
88342 1
88403 -1
88424 -1
88516 1
88547 -1
88596 1
88609 1
88614 1
88657 -1
88689 -1
88703 1
88731 1
88761 -1
88778 -1
88813 -1
88880 1
88892 -1
88922 -1
88939 1
88945 1
88976 -1
89021 -1
89035 -1
89080 -1
89082 -1
89094 -1
89114 -1
89116 -1
89117 1
89130 -1
89144 -1
89173 1
89203 1
89244 -1
89280 -1
89283 -1
89307 1
89307 1
89355 1
89364 -1
89377 -1
89381 -1
89390 -1
89392 -1
89407 1
89412 -1
89414 -1
89435 1
89460 1
89464 -1
89469 -1
89556 -1
89577 1
89604 1
89612 1
89613 -1
89618 1
89625 1
89669 -1
89737 1
89771 -1
89823 1
89832 1
89834 1
89898 1
89974 -1
89977 -1
90019 -1
90020 1
90023 -1
90030 -1
90042 -1
90053 1
90066 -1
90109 -1
90111 1
90118 1
90141 1
90143 -1
90202 1
90211 -1
90248 1
90275 -1
90276 1
90304 -1
90347 -1
90390 -1
90425 1
90439 -1
90459 -1
90468 -1
90499 -1
90501 1
90509 -1
90537 1
90540 1
90547 -1
90611 -1
90640 1
90641 -1
90690 -1
90695 -1
90766 1
90796 -1
90811 1
90819 -1
90850 -1
90881 -1
90885 1
90900 -1
90916 -1
90926 1
90946 1
90982 1
90999 1
91001 -1
91006 -1
91086 1
91093 -1
91122 -1
91136 -1
91151 1
91173 1
91181 -1
91181 -1
91223 -1
91245 1
91251 1
91285 1
91364 -1
91384 1
91392 -1
91481 -1
91500 1
91504 -1
91555 1
91556 -1
91567 1
91570 -1
91603 -1
91623 -1
91624 -1
91630 -1
91654 1
91691 1
91722 1
91735 1
91745 -1
91832 -1
91865 1
91888 -1
91892 -1
91929 -1
91963 -1
91996 1
92047 -1
92056 -1
92115 1
92142 -1
92147 1
92166 1
92175 1
92181 -1
92196 -1
92199 1
92213 1
92226 1
92268 -1
92293 -1
92302 -1
92306 -1
92313 1
92331 -1
92334 -1
92343 1
92354 -1
92359 1
92360 -1
92395 1
92421 1
92427 -1
92446 -1
92466 1
92503 1
92522 -1
92567 -1
92575 -1
92656 1
92665 -1
92668 1
92695 -1
92702 1
92712 1
92719 -1
92721 -1
92723 1
92753 1
92772 -1
92778 -1
92794 1
92833 -1
92899 -1
92901 1
92906 1
92953 -1
92978 -1
92985 -1
93003 -1
93005 -1
93027 -1
93027 -1
93059 -1
93077 -1
93091 -1
93119 1
93134 1
93141 -1
93190 -1
93198 -1
93263 1
93275 1
93277 -1
93298 1
93310 -1
93360 -1
93367 1
93379 1
93382 1
93396 1
93403 -1
93439 -1
93442 -1
93454 1
93455 -1
93506 1
93531 1
93577 1
93578 -1
93578 -1
93606 1
93630 -1
93660 -1
93697 1
93755 1
93764 1
93785 -1
93792 -1
93814 -1
93829 1
93843 -1
93861 1
93870 -1
93906 -1
93918 -1
93941 1
93952 1
94016 1
94018 1
94026 -1
94033 -1
94043 1
94071 1
94071 1
94078 -1
94090 -1
94103 1
94121 1
94123 1
94126 1
94132 -1
94142 -1
94150 1
94259 -1
94266 1
94274 1
94291 1
94328 1
94354 -1
94357 1
94382 1
94417 1
94464 -1
94468 1
94497 1
94499 1
94520 -1
94541 -1
94567 1
94578 1
94595 1
94638 1
94668 -1
94704 -1
94713 1
94728 -1
94760 1
94793 1
94858 -1
94861 1
94877 -1
94880 -1
94911 -1
94954 -1
94970 -1
94993 1
95049 -1
95057 1
95063 -1
95065 -1
95080 1
95087 1
95103 -1
95118 -1
95132 1
95143 1
95145 1
95149 1
95152 1
95158 -1
95191 -1
95194 -1
95207 1
95213 -1
95253 -1
95280 -1
95281 1
95309 -1
95318 1
95321 -1
95350 1
95362 1
95363 -1
95381 1
95426 1
95488 1
95532 -1
95545 1
95546 1
95562 -1
95621 -1
95632 1
95650 1
95660 -1
95702 -1
95722 1
95807 1
95838 -1
95846 1
95868 -1
95883 -1
95890 1
95900 1
95907 1
95907 -1
95916 -1
95941 1
95981 1
96036 1
96066 -1
96077 -1
96085 -1
96088 -1
96099 1
96114 1
96127 -1
96134 -1
96140 1
96155 -1
96162 1
96186 -1
96239 -1
96287 -1
96295 1
96333 -1
96365 1
96382 -1
96439 -1
96458 1
96464 1
96466 1
96469 1
96489 -1
96505 -1
96514 1
96525 1
96560 -1
96562 1
96565 1
96568 1
96599 -1
96609 -1
96630 -1
96640 1
96654 1
96660 1
96683 -1
96723 1
96777 1
96781 -1
96790 1
96791 1
96818 1
96820 1
96827 -1
96844 -1
96864 -1
96874 -1
96898 1
96911 -1
96925 -1
96931 1
96940 1
96952 -1
96957 1
96967 -1
97012 -1
97029 1
97065 1
97083 1
97110 1
97116 -1
97117 -1
97118 1
97130 -1
97137 1
97146 -1
97157 -1
97187 -1
97196 -1
97206 -1
97227 -1
97232 -1
97243 -1
97267 1
97269 1
97271 -1
97280 -1
97287 1
97293 -1
97299 -1
97339 1
97339 -1
97347 -1
97359 -1
97370 1
97422 -1
97475 -1
97477 1
97513 1
97529 1
97588 -1
97653 1
97672 -1
97673 -1
97678 -1
97701 -1
97709 -1
97731 1
97771 1
97775 -1
97786 1
97842 -1
97861 -1
97868 1
97868 1
97889 1
97890 -1
97893 1
97924 1
98030 1
98044 1
98051 -1
98060 -1
98073 -1
98078 -1
98102 1
98116 -1
98122 -1
98139 -1
98141 1
98152 -1
98154 1
98162 -1
98168 -1
98170 -1
98197 -1
98201 -1
98245 1
98253 -1
98269 1
98271 -1
98278 -1
98287 -1
98308 -1
98320 -1
98344 1
98350 -1
98359 -1
98364 -1
98379 -1
98380 -1
98415 -1
98431 1
98440 1
98461 -1
98461 -1
98469 1
98482 1
98508 -1
98538 -1
98557 1
98568 1
98599 -1
98611 1
98663 -1
98677 -1
98681 1
98688 -1
98719 1
98787 1
98794 1
98853 1
98888 -1
98911 1
98913 1
98925 -1
98943 1
98944 1
98957 1
98971 1
99005 -1
99011 -1
99025 -1
99025 1
99030 1
99037 -1
99046 1
99047 -1
99050 1
99071 1
99075 -1
99122 1
99126 1
99127 1
99140 -1
99181 -1
99194 1
99228 1
99241 1
99243 1
99254 1
99283 1
99287 1
99302 -1
99317 -1
99330 -1
99361 1
99386 -1
99389 1
99401 1
99402 1
99427 -1
99428 -1
99438 -1
99460 -1
99472 1
99475 1
99485 1
99497 -1
99503 -1
99514 -1
99527 -1
99530 -1
99538 1
99547 1
99566 1
99606 1
99621 -1
99650 1
99689 -1
99699 -1
99711 1
99752 -1
99785 1
99794 1
99810 -1
99816 1
99823 1
99824 -1
99824 -1
99825 -1
99827 1
99846 1
99856 -1
99859 1
99942 -1
99942 1
99971 1
99985 -1
100000 1
60
5349 8724 11785 12459 12859 35643 40782 45976 47598 50357 50882 50934 50945 52034 55273 55983 58454 58861 64532 66266 67654 71315 73644 75349 92586 96213 96729 98494 101111 104425 106120 107054 112510 118560 119491 121810 123967 124524 126350 126564 126648 128267 130154 130912 135594 136530 142633 143264 145356 145511 151100 155756 162653 164991 173224 184795 186341 192589 194780 198917